120.00 10 22 1 4
124.00 10 22 0 0
137.00 2 22 1 4
139.00 16 4 1 4
141.00 2 22 0 0
143.00 16 4 0 0
147.00 4 16 1 4
151.00 4 16 0 0
156.00 2 23 1 4 
160.00 2 23 0 0
165.00 16 4 1 4
166.00 10 23 1 4
169.00 16 4 0 0 
170.00 10 23 0 0
204.00 5 16 1 4
208.00 5 16 0 0
222.00 5 19 1 4
226.00 5 19 0 0
226.00 18 5 1 4
230.00 18 5 0 0
240.00 5 18 1 4
244.00 5 18 0 0
273.00 2 19 1 4
277.00 2 19 0 0
291.00 21 1 1 4
295.00 21 1 0 0
296.00 21 2 1 4
300.00 21 2 0 0
307.00 2 19 1 4
311.00 2 19 0 0
318.00 2 20 1 4
322.00 2 20 0 0
373.00 10 21 1 4
377.00 10 21 0 0
417.00 11 20 1 4
421.00 11 20 0 0


