153.60 108
154.27 22     
178.9 180
180.3 167
183.1 133
185.00 160
185.29 131
185.4 142
186.1 156
186.21 23
190.22 30006
190.29 4
197.61 176
199.17 30001
199.17 173
199.24 17
204.66 198
214.10 203
226.28 30000
226.34 16
237.08 196
250.05 233
250.39 234
252.89 216
254.66 30007
254.73 5
263.12 219
268.88 30002
268.92 18
305.27 259
306.98 30004
308.5 312
323.3 336
326.26 272
331.09 1
334.26 357
334.66 30005
334.76 2
334.76 348
338.55 30003
338.64 19
341.46 291
344.72 300
404.7 384
405.11 21
442.5 411
451.48 20
698.32 30008
700 3
700 6
700 7
700 8
700 9
700 10
700 11
700 12
700 13
700 14
700 15
700 10000
700 10001
700 10002
700 10003
700 10004
700 10005
700 10006
700 10007
700 10008
700 20000
700 20001
700 20002
700 20003
700 20004
700 20005
700 20006
700 20007
700 20008
700 20009
700 20010
700 20011
700 20012
700 20013
700 20014
700 21000
700 21001
700 21002
700 21003
700 21004
700 22000
700 22001
700 21002
700 22002
700 22003
700 22004
700 22005
700 22006
700 22007
700 30009
700 30010