1.00 1 48.3501 46.1684 430677 -96.0108 -29.27 100677 4
10.00 1 37.7864 48.811 237923 144.061 -33.654 100000 2
13.00 1 39.7098 47.0989 23083.7 143.865 -34.377 500 2
18.00 1 42.0406 47.9902 18657.1 -145.075 -19.059 500 1
21.00 1 43.3871 45.8671 9133.62 -42.5233 -14.1824 200 1
24.00 1 38.7754 45.4272 12885.1 141.55 -13.255 100 3
35.00 1 38.4375 44.6208 22354.1 71.3298 -23.47 100000 0
45  4 3 30005 -30 0 200
66  1 39.5038 44.8585 200026 151.59 -89.7158 80000 5
75.00 1 38.4375 44.6208 22354.1 71.3298 -23.47 1000 0
100.0 1 39.1395 45.2349 8183.06 151.702 -17.6322 100 3
137.0 1 39.236 44.7685 7493.44 12.9138 -17.2765 400 2
160 2 39.1532 44.8475 834.859 16
169 1 34.3788 43.0716 6.78167 -79.3707 -5.40596 10 0
171 2 34.3764 43.0718 6.34274 10000
188 2 34.3807 43.0695 124.122 10000
200 1 34.3845 43.0759 158.804 -165.897 -12.4961 100 0
210 1 38.7362 44.5958 11052.4 54.1684 -17.5496 200 3

