0.000000 18 1 -40.000000 40.000000 -10.000000 10.000000 10000.000000 2 2 1 
0.500000 18 1 -40.000000 40.000000 -10.000000 10.000000 10000.000000 2 2 1 
1.000000 18 1 -40.000000 40.000000 -10.000000 10.000000 10000.000000 2 2 1 
1.500000 18 1 -40.000000 40.000000 -10.000000 10.000000 10000.000000 2 2 1 
2.000000 18 1 -40.000000 40.000000 -10.000000 10.000000 10000.000000 2 2 1 
2.500000 18 1 -40.000000 40.000000 -10.000000 10.000000 10000.000000 2 2 1 
3.000000 18 1 -40.000000 40.000000 -10.000000 10.000000 10000.000000 2 2 1 
3.500000 18 1 -40.000000 40.000000 -10.000000 10.000000 10000.000000 2 2 1 
4.000000 18 1 -40.000000 40.000000 -10.000000 10.000000 10000.000000 2 2 1 
4.500000 18 1 -40.000000 40.000000 -10.000000 10.000000 10000.000000 2 2 1 
5.000000 18 1 -40.000000 40.000000 -10.000000 10.000000 10000.000000 2 2 1 
5.500000 18 1 -40.000000 40.000000 -10.000000 10.000000 10000.000000 2 2 1 
6.000000 18 1 -40.000000 40.000000 -10.000000 10.000000 10000.000000 2 2 1 
6.500000 18 1 -40.000000 40.000000 -10.000000 10.000000 10000.000000 2 2 1 
7.000000 18 1 -40.000000 40.000000 -10.000000 10.000000 10000.000000 2 2 1 
7.500000 18 1 -40.000000 40.000000 -10.000000 10.000000 10000.000000 2 2 1 
8.000000 18 1 -40.000000 40.000000 -10.000000 10.000000 10000.000000 2 2 1 
8.500000 18 1 -40.000000 40.000000 -10.000000 10.000000 10000.000000 2 2 1 
9.000000 18 1 -40.000000 40.000000 -10.000000 10.000000 10000.000000 2 2 1 
9.500000 18 1 -40.000000 40.000000 -10.000000 10.000000 10000.000000 2 2 1 
10.000000 18 1 -40.000000 40.000000 -10.000000 10.000000 10000.000000 1 2 1 1 3.000000 3.000000 20.000000 0.000000 1.000000 
10.500000 18 1 -40.000000 40.000000 -10.000000 10.000000 10000.000000 1 2 1 1 3.000000 3.000000 0.000000 0.000000 2.000000 
11.000000 18 1 -40.000000 40.000000 -10.000000 10.000000 10000.000000 2 2 1 
11.500000 18 1 -40.000000 40.000000 -10.000000 10.000000 10000.000000 2 2 1 
12.000000 18 1 -40.000000 40.000000 -10.000000 10.000000 10000.000000 2 2 1 
12.500000 18 1 -40.000000 40.000000 -10.000000 10.000000 10000.000000 2 2 1 
13.000000 18 1 -40.000000 40.000000 -10.000000 10.000000 10000.000000 2 2 1 
13.500000 18 1 -40.000000 40.000000 -10.000000 10.000000 10000.000000 2 2 1 
14.000000 18 1 -40.000000 40.000000 -10.000000 10.000000 10000.000000 2 2 1 
14.500000 18 1 -40.000000 40.000000 -10.000000 10.000000 10000.000000 2 2 1 
15.000000 18 1 -40.000000 40.000000 -10.000000 10.000000 10000.000000 2 2 1 
15.500000 18 1 -40.000000 40.000000 -10.000000 10.000000 10000.000000 2 2 1 
16.000000 18 1 -40.000000 40.000000 -10.000000 10.000000 10000.000000 2 2 1 
16.500000 18 1 -40.000000 40.000000 -10.000000 10.000000 10000.000000 2 2 1 
17.000000 18 1 -40.000000 40.000000 -10.000000 10.000000 10000.000000 2 2 1 
17.500000 18 1 -40.000000 40.000000 -10.000000 10.000000 10000.000000 2 2 1 
18.000000 18 1 -40.000000 40.000000 -10.000000 10.000000 10000.000000 2 2 1 
18.500000 18 1 -40.000000 40.000000 -10.000000 10.000000 10000.000000 2 2 1 
19.000000 18 1 -40.000000 40.000000 -10.000000 10.000000 10000.000000 2 2 1 
19.500000 18 1 -40.000000 40.000000 -10.000000 10.000000 10000.000000 2 2 1 
20.000000 18 1 -40.000000 40.000000 -10.000000 10.000000 10000.000000 2 2 1 
20.500000 18 1 -40.000000 40.000000 -10.000000 10.000000 10000.000000 2 2 1 
21.000000 18 1 -40.000000 40.000000 -10.000000 10.000000 10000.000000 2 2 1 
21.500000 18 1 -40.000000 40.000000 -10.000000 10.000000 10000.000000 2 2 1 
22.000000 18 1 -40.000000 40.000000 -10.000000 10.000000 10000.000000 2 2 1 
22.500000 18 1 -40.000000 40.000000 -10.000000 10.000000 10000.000000 2 2 1 
23.000000 18 1 -40.000000 40.000000 -10.000000 10.000000 10000.000000 2 2 1 
23.500000 18 1 -40.000000 40.000000 -10.000000 10.000000 10000.000000 2 2 1 
24.000000 18 1 -40.000000 40.000000 -10.000000 10.000000 10000.000000 2 2 1 
24.500000 18 1 -40.000000 40.000000 -10.000000 10.000000 10000.000000 2 2 1 
25.000000 18 1 -40.000000 40.000000 -10.000000 10.000000 10000.000000 2 2 1 
25.500000 18 1 -40.000000 40.000000 -10.000000 10.000000 10000.000000 2 2 1 
26.000000 18 1 -40.000000 40.000000 -10.000000 10.000000 10000.000000 2 2 1 
26.500000 18 1 -40.000000 40.000000 -10.000000 10.000000 10000.000000 2 2 1 
27.000000 18 1 -40.000000 40.000000 -10.000000 10.000000 10000.000000 2 2 1 
27.500000 18 1 -40.000000 40.000000 -10.000000 10.000000 10000.000000 2 2 1 
28.000000 18 1 -40.000000 40.000000 -10.000000 10.000000 10000.000000 2 2 1 
28.500000 18 1 -40.000000 40.000000 -10.000000 10.000000 10000.000000 2 2 1 
29.000000 18 1 -40.000000 40.000000 -10.000000 10.000000 10000.000000 2 2 1 
29.500000 18 1 -40.000000 40.000000 -10.000000 10.000000 10000.000000 2 2 1 
30.000000 18 1 -40.000000 40.000000 -10.000000 10.000000 10000.000000 2 2 1 
30.500000 18 1 -40.000000 40.000000 -10.000000 10.000000 10000.000000 2 2 1 
31.000000 18 1 -40.000000 40.000000 -10.000000 10.000000 10000.000000 2 2 1 
31.500000 18 1 -40.000000 40.000000 -10.000000 10.000000 10000.000000 2 2 1 
32.000000 18 1 -40.000000 40.000000 -10.000000 10.000000 10000.000000 2 2 1 
32.500000 18 1 -40.000000 40.000000 -10.000000 10.000000 10000.000000 2 2 1 
33.000000 18 1 -40.000000 40.000000 -10.000000 10.000000 10000.000000 2 2 1 
33.500000 18 1 -40.000000 40.000000 -10.000000 10.000000 10000.000000 2 2 1 
34.000000 18 1 -40.000000 40.000000 -10.000000 10.000000 10000.000000 2 2 1 
34.500000 18 1 -40.000000 40.000000 -10.000000 10.000000 10000.000000 2 2 1 
35.000000 18 1 -40.000000 40.000000 -10.000000 10.000000 10000.000000 2 2 1 
35.500000 18 1 -40.000000 40.000000 -10.000000 10.000000 10000.000000 2 2 1 
36.000000 18 1 -40.000000 40.000000 -10.000000 10.000000 10000.000000 2 2 1 
36.500000 18 1 -40.000000 40.000000 -10.000000 10.000000 10000.000000 2 2 1 
37.000000 18 1 -40.000000 40.000000 -10.000000 10.000000 10000.000000 2 2 1 
37.500000 18 1 -40.000000 40.000000 -10.000000 10.000000 10000.000000 2 2 1 
38.000000 18 1 -40.000000 40.000000 -10.000000 10.000000 10000.000000 2 2 1 
38.500000 18 1 -40.000000 40.000000 -10.000000 10.000000 10000.000000 2 2 1 
39.000000 18 1 -40.000000 40.000000 -10.000000 10.000000 10000.000000 2 2 1 
39.500000 18 1 -40.000000 40.000000 -10.000000 10.000000 10000.000000 2 2 1 
40.000000 18 1 -40.000000 40.000000 -10.000000 10.000000 10000.000000 2 2 1 
40.500000 18 1 -40.000000 40.000000 -10.000000 10.000000 10000.000000 2 2 1 
41.000000 18 1 -40.000000 40.000000 -10.000000 10.000000 10000.000000 2 2 1 
41.500000 18 1 -40.000000 40.000000 -10.000000 10.000000 10000.000000 2 2 1 
42.000000 18 1 -40.000000 40.000000 -10.000000 10.000000 10000.000000 2 2 1 
42.500000 18 1 -40.000000 40.000000 -10.000000 10.000000 10000.000000 2 2 1 
43.000000 18 1 -40.000000 40.000000 -10.000000 10.000000 10000.000000 2 2 1 
43.500000 18 1 -40.000000 40.000000 -10.000000 10.000000 10000.000000 2 2 1 
44.000000 18 1 -40.000000 40.000000 -10.000000 10.000000 10000.000000 2 2 1 
44.500000 18 1 -40.000000 40.000000 -10.000000 10.000000 10000.000000 2 2 1 
45.000000 18 1 -40.000000 40.000000 -10.000000 10.000000 10000.000000 2 2 1 
45.500000 18 1 -40.000000 40.000000 -10.000000 10.000000 10000.000000 2 2 1 
46.000000 18 1 -40.000000 40.000000 -10.000000 10.000000 10000.000000 2 2 1 
46.500000 18 1 -40.000000 40.000000 -10.000000 10.000000 10000.000000 2 2 1 
47.000000 18 1 -40.000000 40.000000 -10.000000 10.000000 10000.000000 2 2 1 
47.500000 18 1 -40.000000 40.000000 -10.000000 10.000000 10000.000000 2 2 1 
48.000000 18 1 -40.000000 40.000000 -10.000000 10.000000 10000.000000 2 2 1 
48.500000 18 1 -40.000000 40.000000 -10.000000 10.000000 10000.000000 2 2 1 
49.000000 18 1 -40.000000 40.000000 -10.000000 10.000000 10000.000000 2 2 1 
49.500000 18 1 -40.000000 40.000000 -10.000000 10.000000 10000.000000 2 2 1 
50.000000 18 1 -40.000000 40.000000 -10.000000 10.000000 10000.000000 2 2 1 
50.500000 18 1 -40.000000 40.000000 -10.000000 10.000000 10000.000000 2 2 1 
51.000000 18 1 -40.000000 40.000000 -10.000000 10.000000 10000.000000 2 2 1 
51.500000 18 1 -40.000000 40.000000 -10.000000 10.000000 10000.000000 2 2 1 
52.000000 18 1 -40.000000 40.000000 -10.000000 10.000000 10000.000000 2 2 1 
52.500000 18 1 -40.000000 40.000000 -10.000000 10.000000 10000.000000 2 2 1 
53.000000 18 1 -40.000000 40.000000 -10.000000 10.000000 10000.000000 2 2 1 
53.500000 18 1 -40.000000 40.000000 -10.000000 10.000000 10000.000000 2 2 1 
54.000000 18 1 -40.000000 40.000000 -10.000000 10.000000 10000.000000 2 2 1 
54.500000 18 1 -40.000000 40.000000 -10.000000 10.000000 10000.000000 2 2 1 
55.000000 18 1 -40.000000 40.000000 -10.000000 10.000000 10000.000000 2 2 1 
55.500000 18 1 -40.000000 40.000000 -10.000000 10.000000 10000.000000 2 2 1 
56.000000 18 1 -40.000000 40.000000 -10.000000 10.000000 10000.000000 2 2 1 
56.500000 18 1 -40.000000 40.000000 -10.000000 10.000000 10000.000000 2 2 1 
57.000000 18 1 -40.000000 40.000000 -10.000000 10.000000 10000.000000 2 2 1 
57.500000 18 1 -40.000000 40.000000 -10.000000 10.000000 10000.000000 2 2 1 
58.000000 18 1 -40.000000 40.000000 -10.000000 10.000000 10000.000000 2 2 1 
58.500000 18 1 -40.000000 40.000000 -10.000000 10.000000 10000.000000 2 2 1 
59.000000 18 1 -40.000000 40.000000 -10.000000 10.000000 10000.000000 2 2 1 
59.500000 18 1 -40.000000 40.000000 -10.000000 10.000000 10000.000000 2 2 1 
60.000000 18 1 -40.000000 40.000000 -10.000000 10.000000 10000.000000 2 2 1 
60.500000 18 1 -40.000000 40.000000 -10.000000 10.000000 10000.000000 2 2 1 
61.000000 18 1 -40.000000 40.000000 -10.000000 10.000000 10000.000000 2 2 1 
61.500000 18 1 -40.000000 40.000000 -10.000000 10.000000 10000.000000 2 2 1 
62.000000 18 1 -40.000000 40.000000 -10.000000 10.000000 10000.000000 2 2 1 
62.500000 18 1 -40.000000 40.000000 -10.000000 10.000000 10000.000000 2 2 1 
63.000000 18 1 -40.000000 40.000000 -10.000000 10.000000 10000.000000 2 2 1 
63.500000 18 1 -40.000000 40.000000 -10.000000 10.000000 10000.000000 2 2 1 
64.000000 18 1 -40.000000 40.000000 -10.000000 10.000000 10000.000000 2 2 1 
64.500000 18 1 -40.000000 40.000000 -10.000000 10.000000 10000.000000 2 2 1 
65.000000 18 1 -40.000000 40.000000 -10.000000 10.000000 10000.000000 2 2 1 
65.500000 18 1 -40.000000 40.000000 -10.000000 10.000000 10000.000000 2 2 1 
66.000000 18 1 -40.000000 40.000000 -10.000000 10.000000 10000.000000 2 2 1 
66.500000 18 1 -40.000000 40.000000 -10.000000 10.000000 10000.000000 2 2 1 
67.000000 18 1 -40.000000 40.000000 -10.000000 10.000000 10000.000000 2 2 1 
67.500000 18 1 -40.000000 40.000000 -10.000000 10.000000 10000.000000 2 2 1 
68.000000 18 1 -40.000000 40.000000 -10.000000 10.000000 10000.000000 2 2 1 
68.500000 18 1 -40.000000 40.000000 -10.000000 10.000000 10000.000000 2 2 1 
69.000000 18 1 -40.000000 40.000000 -10.000000 10.000000 10000.000000 2 2 1 
69.500000 18 1 -40.000000 40.000000 -10.000000 10.000000 10000.000000 2 2 1 
70.000000 18 1 -40.000000 40.000000 -10.000000 10.000000 10000.000000 2 2 1 
70.500000 18 1 -40.000000 40.000000 -10.000000 10.000000 10000.000000 2 2 1 
71.000000 18 1 -40.000000 40.000000 -10.000000 10.000000 10000.000000 2 2 1 
71.500000 18 1 -40.000000 40.000000 -10.000000 10.000000 10000.000000 2 2 1 
72.000000 18 1 -40.000000 40.000000 -10.000000 10.000000 10000.000000 2 2 1 
72.500000 18 1 -40.000000 40.000000 -10.000000 10.000000 10000.000000 2 2 1 
73.000000 18 1 -40.000000 40.000000 -10.000000 10.000000 10000.000000 2 2 1 
73.500000 18 1 -40.000000 40.000000 -10.000000 10.000000 10000.000000 2 2 1 
74.000000 18 1 -40.000000 40.000000 -10.000000 10.000000 10000.000000 2 2 1 
74.500000 18 1 -40.000000 40.000000 -10.000000 10.000000 10000.000000 2 2 1 
75.000000 18 1 -40.000000 40.000000 -10.000000 10.000000 10000.000000 2 2 1 
75.500000 18 1 -40.000000 40.000000 -10.000000 10.000000 10000.000000 2 2 1 
76.000000 18 1 -40.000000 40.000000 -10.000000 10.000000 10000.000000 2 2 1 
76.500000 18 1 -40.000000 40.000000 -10.000000 10.000000 10000.000000 2 2 1 
77.000000 18 1 -40.000000 40.000000 -10.000000 10.000000 10000.000000 2 2 1 
77.500000 18 1 -40.000000 40.000000 -10.000000 10.000000 10000.000000 2 2 1 
78.000000 18 1 -40.000000 40.000000 -10.000000 10.000000 10000.000000 2 2 1 
78.500000 18 1 -40.000000 40.000000 -10.000000 10.000000 10000.000000 2 2 1 
79.000000 18 1 -40.000000 40.000000 -10.000000 10.000000 10000.000000 2 2 1 
79.500000 18 1 -40.000000 40.000000 -10.000000 10.000000 10000.000000 2 2 1 
80.000000 18 1 -40.000000 40.000000 -10.000000 10.000000 10000.000000 2 2 1 
80.500000 18 1 -40.000000 40.000000 -10.000000 10.000000 10000.000000 2 2 1 
81.000000 18 1 -40.000000 40.000000 -10.000000 10.000000 10000.000000 2 2 1 
81.500000 18 1 -40.000000 40.000000 -10.000000 10.000000 10000.000000 2 2 1 
82.000000 18 1 -40.000000 40.000000 -10.000000 10.000000 10000.000000 2 2 1 
82.500000 18 1 -40.000000 40.000000 -10.000000 10.000000 10000.000000 2 2 1 
83.000000 18 1 -40.000000 40.000000 -10.000000 10.000000 10000.000000 2 2 1 
83.500000 18 1 -40.000000 40.000000 -10.000000 10.000000 10000.000000 2 2 1 
84.000000 18 1 -40.000000 40.000000 -10.000000 10.000000 10000.000000 2 2 1 
84.500000 18 1 -40.000000 40.000000 -10.000000 10.000000 10000.000000 2 2 1 
85.000000 18 1 -40.000000 40.000000 -10.000000 10.000000 10000.000000 2 2 1 
85.500000 18 1 -40.000000 40.000000 -10.000000 10.000000 10000.000000 2 2 1 
86.000000 18 1 -40.000000 40.000000 -10.000000 10.000000 10000.000000 2 2 1 
86.500000 18 1 -40.000000 40.000000 -10.000000 10.000000 10000.000000 2 2 1 
87.000000 18 1 -40.000000 40.000000 -10.000000 10.000000 10000.000000 2 2 1 
87.500000 18 1 -40.000000 40.000000 -10.000000 10.000000 10000.000000 2 2 1 
88.000000 18 1 -40.000000 40.000000 -10.000000 10.000000 10000.000000 2 2 1 
88.500000 18 1 -40.000000 40.000000 -10.000000 10.000000 10000.000000 2 2 1 
89.000000 18 1 -40.000000 40.000000 -10.000000 10.000000 10000.000000 2 2 1 
89.500000 18 1 -40.000000 40.000000 -10.000000 10.000000 10000.000000 2 2 1 
90.000000 18 1 -40.000000 40.000000 -10.000000 10.000000 10000.000000 2 2 1 
90.500000 18 1 -40.000000 40.000000 -10.000000 10.000000 10000.000000 2 2 1 
91.000000 18 1 -40.000000 40.000000 -10.000000 10.000000 10000.000000 2 2 1 
91.500000 18 1 -40.000000 40.000000 -10.000000 10.000000 10000.000000 2 2 1 
92.000000 18 1 -40.000000 40.000000 -10.000000 10.000000 10000.000000 2 2 1 
92.500000 18 1 -40.000000 40.000000 -10.000000 10.000000 10000.000000 2 2 1 
93.000000 18 1 -40.000000 40.000000 -10.000000 10.000000 10000.000000 2 2 1 
93.500000 18 1 -40.000000 40.000000 -10.000000 10.000000 10000.000000 2 2 1 
94.000000 18 1 -40.000000 40.000000 -10.000000 10.000000 10000.000000 2 2 1 
94.500000 18 1 -40.000000 40.000000 -10.000000 10.000000 10000.000000 2 2 1 
95.000000 18 1 -40.000000 40.000000 -10.000000 10.000000 10000.000000 2 2 1 
95.500000 18 1 -40.000000 40.000000 -10.000000 10.000000 10000.000000 2 2 1 
96.000000 18 1 -40.000000 40.000000 -10.000000 10.000000 10000.000000 2 2 1 
96.500000 18 1 -40.000000 40.000000 -10.000000 10.000000 10000.000000 2 2 1 
97.000000 18 1 -40.000000 40.000000 -10.000000 10.000000 10000.000000 2 2 1 
97.500000 18 1 -40.000000 40.000000 -10.000000 10.000000 10000.000000 2 2 1 
98.000000 18 1 -40.000000 40.000000 -10.000000 10.000000 10000.000000 2 2 1 
98.500000 18 1 -40.000000 40.000000 -10.000000 10.000000 10000.000000 2 2 1 
99.000000 18 1 -40.000000 40.000000 -10.000000 10.000000 10000.000000 2 2 1 
99.500000 18 1 -40.000000 40.000000 -10.000000 10.000000 10000.000000 2 2 1 
100.000000 18 1 -40.000000 40.000000 -10.000000 10.000000 10000.000000 2 2 1 
100.500000 18 1 -40.000000 40.000000 -10.000000 10.000000 10000.000000 2 2 1 
101.000000 18 1 -40.000000 40.000000 -10.000000 10.000000 10000.000000 2 2 1 
101.500000 18 1 -40.000000 40.000000 -10.000000 10.000000 10000.000000 2 2 1 
102.000000 18 1 -40.000000 40.000000 -10.000000 10.000000 10000.000000 2 2 1 
102.500000 18 1 -40.000000 40.000000 -10.000000 10.000000 10000.000000 2 2 1 
103.000000 18 1 -40.000000 40.000000 -10.000000 10.000000 10000.000000 2 2 1 
103.500000 18 1 -40.000000 40.000000 -10.000000 10.000000 10000.000000 2 2 1 
104.000000 18 1 -40.000000 40.000000 -10.000000 10.000000 10000.000000 2 2 1 
104.500000 18 1 -40.000000 40.000000 -10.000000 10.000000 10000.000000 2 2 1 
105.000000 18 1 -40.000000 40.000000 -10.000000 10.000000 10000.000000 2 2 1 
105.500000 18 1 -40.000000 40.000000 -10.000000 10.000000 10000.000000 2 2 1 
106.000000 18 1 -40.000000 40.000000 -10.000000 10.000000 10000.000000 2 2 1 
106.500000 18 1 -40.000000 40.000000 -10.000000 10.000000 10000.000000 2 2 1 
107.000000 18 1 -40.000000 40.000000 -10.000000 10.000000 10000.000000 2 2 1 
107.500000 18 1 -40.000000 40.000000 -10.000000 10.000000 10000.000000 2 2 1 
108.000000 18 1 -40.000000 40.000000 -10.000000 10.000000 10000.000000 2 2 1 
108.500000 18 1 -40.000000 40.000000 -10.000000 10.000000 10000.000000 2 2 1 
109.000000 18 1 -40.000000 40.000000 -10.000000 10.000000 10000.000000 2 2 1 
109.500000 18 1 -40.000000 40.000000 -10.000000 10.000000 10000.000000 2 2 1 
110.000000 18 1 -40.000000 40.000000 -10.000000 10.000000 10000.000000 2 2 1 
110.500000 18 1 -40.000000 40.000000 -10.000000 10.000000 10000.000000 2 2 1 
111.000000 18 1 -40.000000 40.000000 -10.000000 10.000000 10000.000000 2 2 1 
111.500000 18 1 -40.000000 40.000000 -10.000000 10.000000 10000.000000 2 2 1 
112.000000 18 1 -40.000000 40.000000 -10.000000 10.000000 10000.000000 2 2 1 
112.500000 18 1 -40.000000 40.000000 -10.000000 10.000000 10000.000000 2 2 1 
113.000000 18 1 -40.000000 40.000000 -10.000000 10.000000 10000.000000 2 2 1 
113.500000 18 1 -40.000000 40.000000 -10.000000 10.000000 10000.000000 2 2 1 
114.000000 18 1 -40.000000 40.000000 -10.000000 10.000000 10000.000000 2 2 1 
114.500000 18 1 -40.000000 40.000000 -10.000000 10.000000 10000.000000 2 2 1 
115.000000 18 1 -40.000000 40.000000 -10.000000 10.000000 10000.000000 2 2 1 
115.500000 18 1 -40.000000 40.000000 -10.000000 10.000000 10000.000000 2 2 1 
116.000000 18 1 -40.000000 40.000000 -10.000000 10.000000 10000.000000 2 2 1 
116.500000 18 1 -40.000000 40.000000 -10.000000 10.000000 10000.000000 2 2 1 
117.000000 18 1 -40.000000 40.000000 -10.000000 10.000000 10000.000000 2 2 1 
117.500000 18 1 -40.000000 40.000000 -10.000000 10.000000 10000.000000 2 2 1 
118.000000 18 1 -40.000000 40.000000 -10.000000 10.000000 10000.000000 2 2 1 
118.500000 18 1 -40.000000 40.000000 -10.000000 10.000000 10000.000000 2 2 1 
119.000000 18 1 -40.000000 40.000000 -10.000000 10.000000 10000.000000 2 2 1 
119.500000 18 1 -40.000000 40.000000 -10.000000 10.000000 10000.000000 2 2 1 
120.000000 18 1 -40.000000 40.000000 -10.000000 10.000000 10000.000000 2 2 1 
120.500000 18 1 -40.000000 40.000000 -10.000000 10.000000 10000.000000 2 2 1 
121.000000 18 1 -40.000000 40.000000 -10.000000 10.000000 10000.000000 2 2 1 
121.500000 18 1 -40.000000 40.000000 -10.000000 10.000000 10000.000000 2 2 1 
122.000000 18 1 -40.000000 40.000000 -10.000000 10.000000 10000.000000 2 2 1 
122.500000 18 1 -40.000000 40.000000 -10.000000 10.000000 10000.000000 2 2 1 
123.000000 18 1 -40.000000 40.000000 -10.000000 10.000000 10000.000000 2 2 1 
123.500000 18 1 -40.000000 40.000000 -10.000000 10.000000 10000.000000 2 2 1 
124.000000 18 1 -40.000000 40.000000 -10.000000 10.000000 10000.000000 2 2 1 
124.500000 18 1 -40.000000 40.000000 -10.000000 10.000000 10000.000000 2 2 1 
125.000000 18 1 -40.000000 40.000000 -10.000000 10.000000 10000.000000 2 2 1 
125.500000 18 1 -40.000000 40.000000 -10.000000 10.000000 10000.000000 2 2 1 
126.000000 18 1 -40.000000 40.000000 -10.000000 10.000000 10000.000000 2 2 1 
126.500000 18 1 -40.000000 40.000000 -10.000000 10.000000 10000.000000 2 2 1 
127.000000 18 1 -40.000000 40.000000 -10.000000 10.000000 10000.000000 2 2 1 
127.500000 18 1 -40.000000 40.000000 -10.000000 10.000000 10000.000000 2 2 1 
128.000000 18 1 -40.000000 40.000000 -10.000000 10.000000 10000.000000 2 2 1 
128.500000 18 1 -40.000000 40.000000 -10.000000 10.000000 10000.000000 2 2 1 
129.000000 18 1 -40.000000 40.000000 -10.000000 10.000000 10000.000000 2 2 1 
129.500000 18 1 -40.000000 40.000000 -10.000000 10.000000 10000.000000 2 2 1 
130.000000 18 1 -40.000000 40.000000 -10.000000 10.000000 10000.000000 2 2 1 
130.500000 18 1 -40.000000 40.000000 -10.000000 10.000000 10000.000000 2 2 1 
131.000000 18 1 -40.000000 40.000000 -10.000000 10.000000 10000.000000 2 2 1 
131.500000 18 1 -40.000000 40.000000 -10.000000 10.000000 10000.000000 2 2 1 
132.000000 18 1 -40.000000 40.000000 -10.000000 10.000000 10000.000000 2 2 1 
132.500000 18 1 -40.000000 40.000000 -10.000000 10.000000 10000.000000 2 2 1 
133.000000 18 1 -40.000000 40.000000 -10.000000 10.000000 10000.000000 2 2 1 
133.500000 18 1 -40.000000 40.000000 -10.000000 10.000000 10000.000000 2 2 1 
134.000000 18 1 -40.000000 40.000000 -10.000000 10.000000 10000.000000 2 2 1 
134.500000 18 1 -40.000000 40.000000 -10.000000 10.000000 10000.000000 2 2 1 
135.000000 18 1 -40.000000 40.000000 -10.000000 10.000000 10000.000000 2 2 1 
135.500000 18 1 -40.000000 40.000000 -10.000000 10.000000 10000.000000 2 2 1 
136.000000 18 1 -40.000000 40.000000 -10.000000 10.000000 10000.000000 2 2 1 
136.500000 18 1 -40.000000 40.000000 -10.000000 10.000000 10000.000000 2 2 1 
137.000000 18 1 -40.000000 40.000000 -10.000000 10.000000 10000.000000 2 2 1 
137.500000 18 1 -40.000000 40.000000 -10.000000 10.000000 10000.000000 2 2 1 
138.000000 18 1 -40.000000 40.000000 -10.000000 10.000000 10000.000000 2 2 1 
138.500000 18 1 -40.000000 40.000000 -10.000000 10.000000 10000.000000 2 2 1 
139.000000 18 1 -40.000000 40.000000 -10.000000 10.000000 10000.000000 2 2 1 
139.500000 18 1 -40.000000 40.000000 -10.000000 10.000000 10000.000000 2 2 1 
140.000000 18 1 -40.000000 40.000000 -10.000000 10.000000 10000.000000 2 2 1 
140.500000 18 1 -40.000000 40.000000 -10.000000 10.000000 10000.000000 2 2 1 
141.000000 18 1 -40.000000 40.000000 -10.000000 10.000000 10000.000000 2 2 1 
141.500000 18 1 -40.000000 40.000000 -10.000000 10.000000 10000.000000 2 2 1 
142.000000 18 1 -40.000000 40.000000 -10.000000 10.000000 10000.000000 2 2 1 
142.500000 18 1 -40.000000 40.000000 -10.000000 10.000000 10000.000000 2 2 1 
143.000000 18 1 -40.000000 40.000000 -10.000000 10.000000 10000.000000 2 2 1 
143.500000 18 1 -40.000000 40.000000 -10.000000 10.000000 10000.000000 2 2 1 
144.000000 18 1 -40.000000 40.000000 -10.000000 10.000000 10000.000000 2 2 1 
144.500000 18 1 -40.000000 40.000000 -10.000000 10.000000 10000.000000 2 2 1 
145.000000 18 1 -40.000000 40.000000 -10.000000 10.000000 10000.000000 2 2 1 
145.500000 18 1 -40.000000 40.000000 -10.000000 10.000000 10000.000000 2 2 1 
146.000000 18 1 -40.000000 40.000000 -10.000000 10.000000 10000.000000 2 2 1 
146.500000 18 1 -40.000000 40.000000 -10.000000 10.000000 10000.000000 2 2 1 
147.000000 18 1 -40.000000 40.000000 -10.000000 10.000000 10000.000000 2 2 1 
147.500000 18 1 -40.000000 40.000000 -10.000000 10.000000 10000.000000 2 2 1 
148.000000 18 1 -40.000000 40.000000 -10.000000 10.000000 10000.000000 2 2 1 
148.500000 18 1 -40.000000 40.000000 -10.000000 10.000000 10000.000000 2 2 1 
149.000000 18 1 -40.000000 40.000000 -10.000000 10.000000 10000.000000 2 2 1 
149.500000 18 1 -40.000000 40.000000 -10.000000 10.000000 10000.000000 2 2 1 
150.000000 18 1 -40.000000 40.000000 -10.000000 10.000000 10000.000000 2 2 1 
150.500000 18 1 -40.000000 40.000000 -10.000000 10.000000 10000.000000 2 2 1 
151.000000 18 1 -40.000000 40.000000 -10.000000 10.000000 10000.000000 2 2 1 
151.500000 18 1 -40.000000 40.000000 -10.000000 10.000000 10000.000000 2 2 1 
152.000000 18 1 -40.000000 40.000000 -10.000000 10.000000 10000.000000 2 2 1 
152.500000 18 1 -40.000000 40.000000 -10.000000 10.000000 10000.000000 2 2 1 
153.000000 18 1 -40.000000 40.000000 -10.000000 10.000000 10000.000000 2 2 1 
153.500000 18 1 -40.000000 40.000000 -10.000000 10.000000 10000.000000 2 2 1 
154.000000 18 1 -40.000000 40.000000 -10.000000 10.000000 10000.000000 2 2 1 
154.500000 18 1 -40.000000 40.000000 -10.000000 10.000000 10000.000000 2 2 1 
155.000000 18 1 -40.000000 40.000000 -10.000000 10.000000 10000.000000 2 2 1 
155.500000 18 1 -40.000000 40.000000 -10.000000 10.000000 10000.000000 2 2 1 
156.000000 18 1 -40.000000 40.000000 -10.000000 10.000000 10000.000000 2 2 1 
156.500000 18 1 -40.000000 40.000000 -10.000000 10.000000 10000.000000 2 2 1 
157.000000 18 1 -40.000000 40.000000 -10.000000 10.000000 10000.000000 2 2 1 
157.500000 18 1 -40.000000 40.000000 -10.000000 10.000000 10000.000000 2 2 1 
158.000000 18 1 -40.000000 40.000000 -10.000000 10.000000 10000.000000 2 2 1 
158.500000 18 1 -40.000000 40.000000 -10.000000 10.000000 10000.000000 2 2 1 
159.000000 18 1 -40.000000 40.000000 -10.000000 10.000000 10000.000000 2 2 1 
159.500000 18 1 -40.000000 40.000000 -10.000000 10.000000 10000.000000 2 2 1 
160.000000 18 1 -40.000000 40.000000 -10.000000 10.000000 10000.000000 2 2 1 
160.500000 18 1 -40.000000 40.000000 -10.000000 10.000000 10000.000000 2 2 1 
161.000000 18 1 -40.000000 40.000000 -10.000000 10.000000 10000.000000 2 2 1 
161.500000 18 1 -40.000000 40.000000 -10.000000 10.000000 10000.000000 2 2 1 
162.000000 18 1 -40.000000 40.000000 -10.000000 10.000000 10000.000000 2 2 1 
162.500000 18 1 -40.000000 40.000000 -10.000000 10.000000 10000.000000 2 2 1 
163.000000 18 1 -40.000000 40.000000 -10.000000 10.000000 10000.000000 2 2 1 
163.500000 18 1 -40.000000 40.000000 -10.000000 10.000000 10000.000000 2 2 1 
164.000000 18 1 -40.000000 40.000000 -10.000000 10.000000 10000.000000 2 2 1 
164.500000 18 1 -40.000000 40.000000 -10.000000 10.000000 10000.000000 2 2 1 
165.000000 18 1 -40.000000 40.000000 -10.000000 10.000000 10000.000000 2 2 1 
165.500000 18 1 -40.000000 40.000000 -10.000000 10.000000 10000.000000 2 2 1 
166.000000 18 1 -40.000000 40.000000 -10.000000 10.000000 10000.000000 2 2 1 
166.500000 18 1 -40.000000 40.000000 -10.000000 10.000000 10000.000000 2 2 1 
167.000000 18 1 -40.000000 40.000000 -10.000000 10.000000 10000.000000 2 2 1 
167.500000 18 1 -40.000000 40.000000 -10.000000 10.000000 10000.000000 2 2 1 
168.000000 18 1 -40.000000 40.000000 -10.000000 10.000000 10000.000000 2 2 1 
168.500000 18 1 -40.000000 40.000000 -10.000000 10.000000 10000.000000 2 2 1 
169.000000 18 1 -40.000000 40.000000 -10.000000 10.000000 10000.000000 2 2 1 
169.500000 18 1 -40.000000 40.000000 -10.000000 10.000000 10000.000000 2 2 1 
170.000000 18 1 -40.000000 40.000000 -10.000000 10.000000 10000.000000 2 2 1 
170.500000 18 1 -40.000000 40.000000 -10.000000 10.000000 10000.000000 2 2 1 
171.000000 18 1 -40.000000 40.000000 -10.000000 10.000000 10000.000000 2 2 1 
171.500000 18 1 -40.000000 40.000000 -10.000000 10.000000 10000.000000 2 2 1 
172.000000 18 1 -40.000000 40.000000 -10.000000 10.000000 10000.000000 2 2 1 
172.500000 18 1 -40.000000 40.000000 -10.000000 10.000000 10000.000000 2 2 1 
173.000000 18 1 -40.000000 40.000000 -10.000000 10.000000 10000.000000 2 2 1 
173.500000 18 1 -40.000000 40.000000 -10.000000 10.000000 10000.000000 2 2 1 
174.000000 18 1 -40.000000 40.000000 -10.000000 10.000000 10000.000000 2 2 1 
174.500000 18 1 -40.000000 40.000000 -10.000000 10.000000 10000.000000 2 2 1 
175.000000 18 1 -40.000000 40.000000 -10.000000 10.000000 10000.000000 2 2 1 
175.500000 18 1 -40.000000 40.000000 -10.000000 10.000000 10000.000000 2 2 1 
176.000000 18 1 -40.000000 40.000000 -10.000000 10.000000 10000.000000 2 2 1 
176.500000 18 1 -40.000000 40.000000 -10.000000 10.000000 10000.000000 2 2 1 
177.000000 18 1 -40.000000 40.000000 -10.000000 10.000000 10000.000000 2 2 1 
177.500000 18 1 -40.000000 40.000000 -10.000000 10.000000 10000.000000 2 2 1 
178.000000 18 1 -40.000000 40.000000 -10.000000 10.000000 10000.000000 2 2 1 
178.500000 18 1 -40.000000 40.000000 -10.000000 10.000000 10000.000000 2 2 1 
179.000000 18 1 -40.000000 40.000000 -10.000000 10.000000 10000.000000 2 2 1 
179.500000 18 1 -40.000000 40.000000 -10.000000 10.000000 10000.000000 2 2 1 
180.000000 18 1 -40.000000 40.000000 -10.000000 10.000000 10000.000000 2 2 1 
180.500000 18 1 -40.000000 40.000000 -10.000000 10.000000 10000.000000 2 2 1 
181.000000 18 1 -40.000000 40.000000 -10.000000 10.000000 10000.000000 2 2 1 
181.500000 18 1 -40.000000 40.000000 -10.000000 10.000000 10000.000000 2 2 1 
182.000000 18 1 -40.000000 40.000000 -10.000000 10.000000 10000.000000 2 2 1 
182.500000 18 1 -40.000000 40.000000 -10.000000 10.000000 10000.000000 2 2 1 
183.000000 18 1 -40.000000 40.000000 -10.000000 10.000000 10000.000000 2 2 1 
183.500000 18 1 -40.000000 40.000000 -10.000000 10.000000 10000.000000 2 2 1 
184.000000 18 1 -40.000000 40.000000 -10.000000 10.000000 10000.000000 2 2 1 
184.500000 18 1 -40.000000 40.000000 -10.000000 10.000000 10000.000000 2 2 1 
185.000000 18 1 -40.000000 40.000000 -10.000000 10.000000 10000.000000 2 2 1 
185.500000 18 1 -40.000000 40.000000 -10.000000 10.000000 10000.000000 2 2 1 
186.000000 18 1 -40.000000 40.000000 -10.000000 10.000000 10000.000000 2 2 1 
186.500000 18 1 -40.000000 40.000000 -10.000000 10.000000 10000.000000 2 2 1 
187.000000 18 1 -40.000000 40.000000 -10.000000 10.000000 10000.000000 2 2 1 
187.500000 18 1 -40.000000 40.000000 -10.000000 10.000000 10000.000000 2 2 1 
188.000000 18 1 -40.000000 40.000000 -10.000000 10.000000 10000.000000 2 2 1 
188.500000 18 1 -40.000000 40.000000 -10.000000 10.000000 10000.000000 2 2 1 
189.000000 18 1 -40.000000 40.000000 -10.000000 10.000000 10000.000000 2 2 1 
189.500000 18 1 -40.000000 40.000000 -10.000000 10.000000 10000.000000 2 2 1 
190.000000 18 1 -40.000000 40.000000 -10.000000 10.000000 10000.000000 2 2 1 
190.500000 18 1 -40.000000 40.000000 -10.000000 10.000000 10000.000000 2 2 1 
191.000000 18 1 -40.000000 40.000000 -10.000000 10.000000 10000.000000 2 2 1 
191.500000 18 1 -40.000000 40.000000 -10.000000 10.000000 10000.000000 2 2 1 
192.000000 18 1 -40.000000 40.000000 -10.000000 10.000000 10000.000000 2 2 1 
192.500000 18 1 -40.000000 40.000000 -10.000000 10.000000 10000.000000 2 2 1 
193.000000 18 1 -40.000000 40.000000 -10.000000 10.000000 10000.000000 2 2 1 
193.500000 18 1 -40.000000 40.000000 -10.000000 10.000000 10000.000000 2 2 1 
194.000000 18 1 -40.000000 40.000000 -10.000000 10.000000 10000.000000 2 2 1 
194.500000 18 1 -40.000000 40.000000 -10.000000 10.000000 10000.000000 2 2 1 
195.000000 18 1 -40.000000 40.000000 -10.000000 10.000000 10000.000000 2 2 1 
195.500000 18 1 -40.000000 40.000000 -10.000000 10.000000 10000.000000 2 2 1 
196.000000 18 1 -40.000000 40.000000 -10.000000 10.000000 10000.000000 2 2 1 
196.500000 18 1 -40.000000 40.000000 -10.000000 10.000000 10000.000000 2 2 1 
197.000000 18 1 -40.000000 40.000000 -10.000000 10.000000 10000.000000 2 2 1 
197.500000 18 1 -40.000000 40.000000 -10.000000 10.000000 10000.000000 2 2 1 
198.000000 18 1 -40.000000 40.000000 -10.000000 10.000000 10000.000000 2 2 1 
198.500000 18 1 -40.000000 40.000000 -10.000000 10.000000 10000.000000 2 2 1 
199.000000 18 1 -40.000000 40.000000 -10.000000 10.000000 10000.000000 2 2 1 
199.500000 18 1 -40.000000 40.000000 -10.000000 10.000000 10000.000000 2 2 1 
200.000000 18 1 -40.000000 40.000000 -10.000000 10.000000 10000.000000 2 2 1 
200.500000 18 1 -40.000000 40.000000 -10.000000 10.000000 10000.000000 2 2 1 
201.000000 18 1 -40.000000 40.000000 -10.000000 10.000000 10000.000000 2 2 1 
201.500000 18 1 -40.000000 40.000000 -10.000000 10.000000 10000.000000 2 2 1 
202.000000 18 1 -40.000000 40.000000 -10.000000 10.000000 10000.000000 2 2 1 
202.500000 18 1 -40.000000 40.000000 -10.000000 10.000000 10000.000000 2 2 1 
203.000000 18 1 -40.000000 40.000000 -10.000000 10.000000 10000.000000 2 2 1 
203.500000 18 1 -40.000000 40.000000 -10.000000 10.000000 10000.000000 2 2 1 
204.000000 18 1 -40.000000 40.000000 -10.000000 10.000000 10000.000000 2 2 1 
204.500000 18 1 -40.000000 40.000000 -10.000000 10.000000 10000.000000 2 2 1 
205.000000 18 1 -40.000000 40.000000 -10.000000 10.000000 10000.000000 2 2 1 
205.500000 18 1 -40.000000 40.000000 -10.000000 10.000000 10000.000000 2 2 1 
206.000000 18 1 -40.000000 40.000000 -10.000000 10.000000 10000.000000 2 2 1 
206.500000 18 1 -40.000000 40.000000 -10.000000 10.000000 10000.000000 2 2 1 
207.000000 18 1 -40.000000 40.000000 -10.000000 10.000000 10000.000000 2 2 1 
207.500000 18 1 -40.000000 40.000000 -10.000000 10.000000 10000.000000 2 2 1 
208.000000 18 1 -40.000000 40.000000 -10.000000 10.000000 10000.000000 2 2 1 
208.500000 18 1 -40.000000 40.000000 -10.000000 10.000000 10000.000000 2 2 1 
209.000000 18 1 -40.000000 40.000000 -10.000000 10.000000 10000.000000 2 2 1 
209.500000 18 1 -40.000000 40.000000 -10.000000 10.000000 10000.000000 2 2 1 
210.000000 18 1 -40.000000 40.000000 -10.000000 10.000000 10000.000000 2 2 1 
210.500000 18 1 -40.000000 40.000000 -10.000000 10.000000 10000.000000 2 2 1 
211.000000 18 1 -40.000000 40.000000 -10.000000 10.000000 10000.000000 2 2 1 
211.500000 18 1 -40.000000 40.000000 -10.000000 10.000000 10000.000000 2 2 1 
212.000000 18 1 -40.000000 40.000000 -10.000000 10.000000 10000.000000 2 2 1 
212.500000 18 1 -40.000000 40.000000 -10.000000 10.000000 10000.000000 2 2 1 
213.000000 18 1 -40.000000 40.000000 -10.000000 10.000000 10000.000000 2 2 1 
213.500000 18 1 -40.000000 40.000000 -10.000000 10.000000 10000.000000 2 2 1 
214.000000 18 1 -40.000000 40.000000 -10.000000 10.000000 10000.000000 2 2 1 
214.500000 18 1 -40.000000 40.000000 -10.000000 10.000000 10000.000000 2 2 1 
215.000000 18 1 -40.000000 40.000000 -10.000000 10.000000 10000.000000 2 2 1 
215.500000 18 1 -40.000000 40.000000 -10.000000 10.000000 10000.000000 2 2 1 
216.000000 18 1 -40.000000 40.000000 -10.000000 10.000000 10000.000000 2 2 1 
216.500000 18 1 -40.000000 40.000000 -10.000000 10.000000 10000.000000 2 2 1 
217.000000 18 1 -40.000000 40.000000 -10.000000 10.000000 10000.000000 2 2 1 
217.500000 18 1 -40.000000 40.000000 -10.000000 10.000000 10000.000000 2 2 1 
218.000000 18 1 -40.000000 40.000000 -10.000000 10.000000 10000.000000 2 2 1 
218.500000 18 1 -40.000000 40.000000 -10.000000 10.000000 10000.000000 2 2 1 
219.000000 18 1 -40.000000 40.000000 -10.000000 10.000000 10000.000000 2 2 1 
219.500000 18 1 -40.000000 40.000000 -10.000000 10.000000 10000.000000 2 2 1 
220.000000 18 1 -40.000000 40.000000 -10.000000 10.000000 10000.000000 2 2 1 
220.500000 18 1 -40.000000 40.000000 -10.000000 10.000000 10000.000000 2 2 1 
221.000000 18 1 -40.000000 40.000000 -10.000000 10.000000 10000.000000 2 2 1 
221.500000 18 1 -40.000000 40.000000 -10.000000 10.000000 10000.000000 2 2 1 
222.000000 18 1 -40.000000 40.000000 -10.000000 10.000000 10000.000000 2 2 1 
222.500000 18 1 -40.000000 40.000000 -10.000000 10.000000 10000.000000 2 2 1 
223.000000 18 1 -40.000000 40.000000 -10.000000 10.000000 10000.000000 2 2 1 
223.500000 18 1 -40.000000 40.000000 -10.000000 10.000000 10000.000000 2 2 1 
224.000000 18 1 -40.000000 40.000000 -10.000000 10.000000 10000.000000 2 2 1 
224.500000 18 1 -40.000000 40.000000 -10.000000 10.000000 10000.000000 2 2 1 
225.000000 18 1 -40.000000 40.000000 -10.000000 10.000000 10000.000000 2 2 1 
225.500000 18 1 -40.000000 40.000000 -10.000000 10.000000 10000.000000 2 2 1 
226.000000 18 1 -40.000000 40.000000 -10.000000 10.000000 10000.000000 2 2 1 
226.500000 18 1 -40.000000 40.000000 -10.000000 10.000000 10000.000000 2 2 1 
227.000000 18 1 -40.000000 40.000000 -10.000000 10.000000 10000.000000 2 2 1 
227.500000 18 1 -40.000000 40.000000 -10.000000 10.000000 10000.000000 2 2 1 
228.000000 18 1 -40.000000 40.000000 -10.000000 10.000000 10000.000000 2 2 1 
228.500000 18 1 -40.000000 40.000000 -10.000000 10.000000 10000.000000 2 2 1 
229.000000 18 1 -40.000000 40.000000 -10.000000 10.000000 10000.000000 2 2 1 
229.500000 18 1 -40.000000 40.000000 -10.000000 10.000000 10000.000000 2 2 1 
230.000000 18 1 -40.000000 40.000000 -10.000000 10.000000 10000.000000 2 2 1 
230.500000 18 1 -40.000000 40.000000 -10.000000 10.000000 10000.000000 2 2 1 
231.000000 18 1 -40.000000 40.000000 -10.000000 10.000000 10000.000000 2 2 1 
231.500000 18 1 -40.000000 40.000000 -10.000000 10.000000 10000.000000 2 2 1 
232.000000 18 1 -40.000000 40.000000 -10.000000 10.000000 10000.000000 2 2 1 
232.500000 18 1 -40.000000 40.000000 -10.000000 10.000000 10000.000000 2 2 1 
233.000000 18 1 -40.000000 40.000000 -10.000000 10.000000 10000.000000 2 2 1 
233.500000 18 1 -40.000000 40.000000 -10.000000 10.000000 10000.000000 2 2 1 
234.000000 18 1 -40.000000 40.000000 -10.000000 10.000000 10000.000000 2 2 1 
234.500000 18 1 -40.000000 40.000000 -10.000000 10.000000 10000.000000 2 2 1 
235.000000 18 1 -40.000000 40.000000 -10.000000 10.000000 10000.000000 2 2 1 
235.500000 18 1 -40.000000 40.000000 -10.000000 10.000000 10000.000000 2 2 1 
236.000000 18 1 -40.000000 40.000000 -10.000000 10.000000 10000.000000 2 2 1 
236.500000 18 1 -40.000000 40.000000 -10.000000 10.000000 10000.000000 2 2 1 
237.000000 18 1 -40.000000 40.000000 -10.000000 10.000000 10000.000000 2 2 1 
237.500000 18 1 -40.000000 40.000000 -10.000000 10.000000 10000.000000 2 2 1 
238.000000 18 1 -40.000000 40.000000 -10.000000 10.000000 10000.000000 2 2 1 
238.500000 18 1 -40.000000 40.000000 -10.000000 10.000000 10000.000000 2 2 1 
239.000000 18 1 -40.000000 40.000000 -10.000000 10.000000 10000.000000 2 2 1 
239.500000 18 1 -40.000000 40.000000 -10.000000 10.000000 10000.000000 2 2 1 
240.000000 18 1 -40.000000 40.000000 -10.000000 10.000000 10000.000000 2 2 1 
240.500000 18 1 -40.000000 40.000000 -10.000000 10.000000 10000.000000 2 2 1 
241.000000 18 1 -40.000000 40.000000 -10.000000 10.000000 10000.000000 2 2 1 
241.500000 18 1 -40.000000 40.000000 -10.000000 10.000000 10000.000000 2 2 1 
242.000000 18 1 -40.000000 40.000000 -10.000000 10.000000 10000.000000 2 2 1 
242.500000 18 1 -40.000000 40.000000 -10.000000 10.000000 10000.000000 2 2 1 
243.000000 18 1 -40.000000 40.000000 -10.000000 10.000000 10000.000000 2 2 1 
243.500000 18 1 -40.000000 40.000000 -10.000000 10.000000 10000.000000 2 2 1 
244.000000 18 1 -40.000000 40.000000 -10.000000 10.000000 10000.000000 2 2 1 
244.500000 18 1 -40.000000 40.000000 -10.000000 10.000000 10000.000000 2 2 1 
245.000000 18 1 -40.000000 40.000000 -10.000000 10.000000 10000.000000 2 2 1 
245.500000 18 1 -40.000000 40.000000 -10.000000 10.000000 10000.000000 2 2 1 
246.000000 18 1 -40.000000 40.000000 -10.000000 10.000000 10000.000000 2 2 1 
246.500000 18 1 -40.000000 40.000000 -10.000000 10.000000 10000.000000 2 2 1 
247.000000 18 1 -40.000000 40.000000 -10.000000 10.000000 10000.000000 2 2 1 
247.500000 18 1 -40.000000 40.000000 -10.000000 10.000000 10000.000000 2 2 1 
248.000000 18 1 -40.000000 40.000000 -10.000000 10.000000 10000.000000 2 2 1 
248.500000 18 1 -40.000000 40.000000 -10.000000 10.000000 10000.000000 2 2 1 
249.000000 18 1 -40.000000 40.000000 -10.000000 10.000000 10000.000000 2 2 1 
249.500000 18 1 -40.000000 40.000000 -10.000000 10.000000 10000.000000 2 2 1 
250.000000 18 1 -40.000000 40.000000 -10.000000 10.000000 10000.000000 2 2 1 
250.500000 18 1 -40.000000 40.000000 -10.000000 10.000000 10000.000000 2 2 1 
251.000000 18 1 -40.000000 40.000000 -10.000000 10.000000 10000.000000 2 2 1 
251.500000 18 1 -40.000000 40.000000 -10.000000 10.000000 10000.000000 2 2 1 
252.000000 18 1 -40.000000 40.000000 -10.000000 10.000000 10000.000000 2 2 1 
252.500000 18 1 -40.000000 40.000000 -10.000000 10.000000 10000.000000 2 2 1 
253.000000 18 1 -40.000000 40.000000 -10.000000 10.000000 10000.000000 2 2 1 
253.500000 18 1 -40.000000 40.000000 -10.000000 10.000000 10000.000000 2 2 1 
254.000000 18 1 -40.000000 40.000000 -10.000000 10.000000 10000.000000 2 2 1 
254.500000 18 1 -40.000000 40.000000 -10.000000 10.000000 10000.000000 2 2 1 
255.000000 18 1 -40.000000 40.000000 -10.000000 10.000000 10000.000000 2 2 1 
255.500000 18 1 -40.000000 40.000000 -10.000000 10.000000 10000.000000 2 2 1 
256.000000 18 1 -40.000000 40.000000 -10.000000 10.000000 10000.000000 2 2 1 
256.500000 18 1 -40.000000 40.000000 -10.000000 10.000000 10000.000000 2 2 1 
257.000000 18 1 -40.000000 40.000000 -10.000000 10.000000 10000.000000 2 2 1 
257.500000 18 1 -40.000000 40.000000 -10.000000 10.000000 10000.000000 2 2 1 
258.000000 18 1 -40.000000 40.000000 -10.000000 10.000000 10000.000000 2 2 1 
258.500000 18 1 -40.000000 40.000000 -10.000000 10.000000 10000.000000 2 2 1 
259.000000 18 1 -40.000000 40.000000 -10.000000 10.000000 10000.000000 2 2 1 
259.500000 18 1 -40.000000 40.000000 -10.000000 10.000000 10000.000000 2 2 1 
260.000000 18 1 -40.000000 40.000000 -10.000000 10.000000 10000.000000 2 2 1 
260.500000 18 1 -40.000000 40.000000 -10.000000 10.000000 10000.000000 2 2 1 
261.000000 18 1 -40.000000 40.000000 -10.000000 10.000000 10000.000000 2 2 1 
261.500000 18 1 -40.000000 40.000000 -10.000000 10.000000 10000.000000 2 2 1 
262.000000 18 1 -40.000000 40.000000 -10.000000 10.000000 10000.000000 2 2 1 
262.500000 18 1 -40.000000 40.000000 -10.000000 10.000000 10000.000000 2 2 1 
263.000000 18 1 -40.000000 40.000000 -10.000000 10.000000 10000.000000 2 2 1 
263.500000 18 1 -40.000000 40.000000 -10.000000 10.000000 10000.000000 2 2 1 
264.000000 18 1 -40.000000 40.000000 -10.000000 10.000000 10000.000000 2 2 1 
264.500000 18 1 -40.000000 40.000000 -10.000000 10.000000 10000.000000 2 2 1 
265.000000 18 1 -40.000000 40.000000 -10.000000 10.000000 10000.000000 2 2 1 
265.500000 18 1 -40.000000 40.000000 -10.000000 10.000000 10000.000000 2 2 1 
266.000000 18 1 -40.000000 40.000000 -10.000000 10.000000 10000.000000 2 2 1 
266.500000 18 1 -40.000000 40.000000 -10.000000 10.000000 10000.000000 2 2 1 
267.000000 18 1 -40.000000 40.000000 -10.000000 10.000000 10000.000000 2 2 1 
267.500000 18 1 -40.000000 40.000000 -10.000000 10.000000 10000.000000 2 2 1 
268.000000 18 1 -40.000000 40.000000 -10.000000 10.000000 10000.000000 1 2 1 1 3.000000 3.000000 -20.000000 0.000000 2.000000 
268.500000 18 1 -40.000000 40.000000 -10.000000 10.000000 10000.000000 1 2 1 1 3.000000 3.000000 0.000000 0.000000 1.000000 
