0.000000 19 1 -40.000000 40.000000 -10.000000 10.000000 10000.000000 1 5 1 1 3.000000 3.000000 8.000000 0.000000 1.000000 
0.500000 19 1 -40.000000 40.000000 -10.000000 10.000000 10000.000000 1 5 1 1 3.000000 3.000000 16.000000 0.000000 1.000000 
1.000000 19 1 -40.000000 40.000000 -10.000000 10.000000 10000.000000 1 5 1 1 3.000000 3.000000 24.000000 0.000000 1.000000 
1.500000 19 1 -40.000000 40.000000 -10.000000 10.000000 10000.000000 1 5 1 1 3.000000 3.000000 32.000000 0.000000 1.000000 
2.000000 19 1 -40.000000 40.000000 -10.000000 10.000000 10000.000000 1 5 1 1 3.000000 3.000000 24.000000 0.000000 2.000000 
2.500000 19 1 -40.000000 40.000000 -10.000000 10.000000 10000.000000 1 5 1 1 3.000000 3.000000 16.000000 0.000000 2.000000 
3.000000 19 1 -40.000000 40.000000 -10.000000 10.000000 10000.000000 1 5 1 1 3.000000 3.000000 8.000000 0.000000 2.000000 
3.500000 19 1 -40.000000 40.000000 -10.000000 10.000000 10000.000000 1 5 1 1 3.000000 3.000000 0.000000 0.000000 2.000000 
4.000000 19 1 -40.000000 40.000000 -10.000000 10.000000 10000.000000 1 5 1 1 3.000000 3.000000 -8.000000 0.000000 2.000000 
4.500000 19 1 -40.000000 40.000000 -10.000000 10.000000 10000.000000 1 5 1 1 3.000000 3.000000 -16.000000 0.000000 2.000000 
5.000000 19 1 -40.000000 40.000000 -10.000000 10.000000 10000.000000 1 5 1 1 3.000000 3.000000 -24.000000 0.000000 2.000000 
5.500000 19 1 -40.000000 40.000000 -10.000000 10.000000 10000.000000 1 5 1 1 3.000000 3.000000 -32.000000 0.000000 2.000000 
6.000000 19 1 -40.000000 40.000000 -10.000000 10.000000 10000.000000 1 5 1 1 3.000000 3.000000 -24.000000 0.000000 1.000000 
6.500000 19 1 -40.000000 40.000000 -10.000000 10.000000 10000.000000 1 5 1 1 3.000000 3.000000 -16.000000 0.000000 1.000000 
7.000000 19 1 -40.000000 40.000000 -10.000000 10.000000 10000.000000 1 5 1 1 3.000000 3.000000 -8.000000 0.000000 1.000000 
7.500000 19 1 -40.000000 40.000000 -10.000000 10.000000 10000.000000 1 5 1 1 3.000000 3.000000 0.000000 0.000000 1.000000 
8.000000 19 1 -40.000000 40.000000 -10.000000 10.000000 10000.000000 1 5 1 1 3.000000 3.000000 8.000000 0.000000 1.000000 
8.500000 19 1 -40.000000 40.000000 -10.000000 10.000000 10000.000000 1 5 1 1 3.000000 3.000000 16.000000 0.000000 1.000000 
9.000000 19 1 -40.000000 40.000000 -10.000000 10.000000 10000.000000 1 5 1 1 3.000000 3.000000 24.000000 0.000000 1.000000 
9.500000 19 1 -40.000000 40.000000 -10.000000 10.000000 10000.000000 1 5 1 1 3.000000 3.000000 32.000000 0.000000 1.000000 
10.000000 19 1 -40.000000 40.000000 -10.000000 10.000000 10000.000000 1 5 1 1 3.000000 3.000000 24.000000 0.000000 2.000000 
10.500000 19 1 -40.000000 40.000000 -10.000000 10.000000 10000.000000 1 5 1 1 3.000000 3.000000 16.000000 0.000000 2.000000 
11.000000 19 1 -40.000000 40.000000 -10.000000 10.000000 10000.000000 1 5 1 1 3.000000 3.000000 8.000000 0.000000 2.000000 
11.500000 19 1 -40.000000 40.000000 -10.000000 10.000000 10000.000000 1 5 1 1 3.000000 3.000000 0.000000 0.000000 2.000000 
12.000000 19 1 -40.000000 40.000000 -10.000000 10.000000 10000.000000 1 5 1 1 3.000000 3.000000 -8.000000 0.000000 2.000000 
12.500000 19 1 -40.000000 40.000000 -10.000000 10.000000 10000.000000 1 5 1 1 3.000000 3.000000 -16.000000 0.000000 2.000000 
13.000000 19 1 -40.000000 40.000000 -10.000000 10.000000 10000.000000 1 5 1 1 3.000000 3.000000 -24.000000 0.000000 2.000000 
13.500000 19 1 -40.000000 40.000000 -10.000000 10.000000 10000.000000 1 5 1 1 3.000000 3.000000 -32.000000 0.000000 2.000000 
14.000000 19 1 -40.000000 40.000000 -10.000000 10.000000 10000.000000 1 5 1 1 3.000000 3.000000 -24.000000 0.000000 1.000000 
14.500000 19 1 -40.000000 40.000000 -10.000000 10.000000 10000.000000 1 5 1 1 3.000000 3.000000 -16.000000 0.000000 1.000000 
15.000000 19 1 -40.000000 40.000000 -10.000000 10.000000 10000.000000 1 5 1 1 3.000000 3.000000 -8.000000 0.000000 1.000000 
15.500000 19 1 -40.000000 40.000000 -10.000000 10.000000 10000.000000 1 5 1 1 3.000000 3.000000 0.000000 0.000000 1.000000 
16.000000 19 1 -40.000000 40.000000 -10.000000 10.000000 10000.000000 1 5 1 1 3.000000 3.000000 8.000000 0.000000 1.000000 
16.500000 19 1 -40.000000 40.000000 -10.000000 10.000000 10000.000000 1 5 1 1 3.000000 3.000000 16.000000 0.000000 1.000000 
17.000000 19 1 -40.000000 40.000000 -10.000000 10.000000 10000.000000 1 5 1 1 3.000000 3.000000 24.000000 0.000000 1.000000 
17.500000 19 1 -40.000000 40.000000 -10.000000 10.000000 10000.000000 1 5 1 1 3.000000 3.000000 32.000000 0.000000 1.000000 
18.000000 19 1 -40.000000 40.000000 -10.000000 10.000000 10000.000000 1 5 1 1 3.000000 3.000000 24.000000 0.000000 2.000000 
18.500000 19 1 -40.000000 40.000000 -10.000000 10.000000 10000.000000 1 5 1 1 3.000000 3.000000 16.000000 0.000000 2.000000 
19.000000 19 1 -40.000000 40.000000 -10.000000 10.000000 10000.000000 1 5 1 1 3.000000 3.000000 8.000000 0.000000 2.000000 
19.500000 19 1 -40.000000 40.000000 -10.000000 10.000000 10000.000000 1 5 1 1 3.000000 3.000000 0.000000 0.000000 2.000000 
20.000000 19 1 -40.000000 40.000000 -10.000000 10.000000 10000.000000 1 5 1 1 3.000000 3.000000 -8.000000 0.000000 2.000000 
20.500000 19 1 -40.000000 40.000000 -10.000000 10.000000 10000.000000 1 5 1 1 3.000000 3.000000 -16.000000 0.000000 2.000000 
21.000000 19 1 -40.000000 40.000000 -10.000000 10.000000 10000.000000 1 5 1 1 3.000000 3.000000 -24.000000 0.000000 2.000000 
21.500000 19 1 -40.000000 40.000000 -10.000000 10.000000 10000.000000 1 5 1 1 3.000000 3.000000 -32.000000 0.000000 2.000000 
22.000000 19 1 -40.000000 40.000000 -10.000000 10.000000 10000.000000 1 5 1 1 3.000000 3.000000 -24.000000 0.000000 1.000000 
22.500000 19 1 -40.000000 40.000000 -10.000000 10.000000 10000.000000 1 5 1 1 3.000000 3.000000 -16.000000 0.000000 1.000000 
23.000000 19 1 -40.000000 40.000000 -10.000000 10.000000 10000.000000 1 5 1 1 3.000000 3.000000 -8.000000 0.000000 1.000000 
23.500000 19 1 -40.000000 40.000000 -10.000000 10.000000 10000.000000 1 5 1 1 3.000000 3.000000 0.000000 0.000000 1.000000 
24.000000 19 1 -40.000000 40.000000 -10.000000 10.000000 10000.000000 1 5 1 1 3.000000 3.000000 8.000000 0.000000 1.000000 
24.500000 19 1 -40.000000 40.000000 -10.000000 10.000000 10000.000000 1 5 1 1 3.000000 3.000000 16.000000 0.000000 1.000000 
25.000000 19 1 -40.000000 40.000000 -10.000000 10.000000 10000.000000 1 5 1 1 3.000000 3.000000 24.000000 0.000000 1.000000 
25.500000 19 1 -40.000000 40.000000 -10.000000 10.000000 10000.000000 1 5 1 1 3.000000 3.000000 32.000000 0.000000 1.000000 
26.000000 19 1 -40.000000 40.000000 -10.000000 10.000000 10000.000000 1 5 1 1 3.000000 3.000000 24.000000 0.000000 2.000000 
26.500000 19 1 -40.000000 40.000000 -10.000000 10.000000 10000.000000 1 5 1 1 3.000000 3.000000 16.000000 0.000000 2.000000 
27.000000 19 1 -40.000000 40.000000 -10.000000 10.000000 10000.000000 1 5 1 1 3.000000 3.000000 8.000000 0.000000 2.000000 
27.500000 19 1 -40.000000 40.000000 -10.000000 10.000000 10000.000000 1 5 1 1 3.000000 3.000000 0.000000 0.000000 2.000000 
28.000000 19 1 -40.000000 40.000000 -10.000000 10.000000 10000.000000 1 5 1 1 3.000000 3.000000 -8.000000 0.000000 2.000000 
28.500000 19 1 -40.000000 40.000000 -10.000000 10.000000 10000.000000 1 5 1 1 3.000000 3.000000 -16.000000 0.000000 2.000000 
29.000000 19 1 -40.000000 40.000000 -10.000000 10.000000 10000.000000 1 5 1 1 3.000000 3.000000 -24.000000 0.000000 2.000000 
29.500000 19 1 -40.000000 40.000000 -10.000000 10.000000 10000.000000 1 5 1 1 3.000000 3.000000 -32.000000 0.000000 2.000000 
30.000000 19 1 -40.000000 40.000000 -10.000000 10.000000 10000.000000 1 5 1 1 3.000000 3.000000 -24.000000 0.000000 1.000000 
30.500000 19 1 -40.000000 40.000000 -10.000000 10.000000 10000.000000 1 5 1 1 3.000000 3.000000 -16.000000 0.000000 1.000000 
31.000000 19 1 -40.000000 40.000000 -10.000000 10.000000 10000.000000 1 5 1 1 3.000000 3.000000 -8.000000 0.000000 1.000000 
31.500000 19 1 -40.000000 40.000000 -10.000000 10.000000 10000.000000 1 5 1 1 3.000000 3.000000 0.000000 0.000000 1.000000 
32.000000 19 1 -40.000000 40.000000 -10.000000 10.000000 10000.000000 1 5 1 1 3.000000 3.000000 8.000000 0.000000 1.000000 
32.500000 19 1 -40.000000 40.000000 -10.000000 10.000000 10000.000000 1 5 1 1 3.000000 3.000000 16.000000 0.000000 1.000000 
33.000000 19 1 -40.000000 40.000000 -10.000000 10.000000 10000.000000 1 5 1 1 3.000000 3.000000 24.000000 0.000000 1.000000 
33.500000 19 1 -40.000000 40.000000 -10.000000 10.000000 10000.000000 1 5 1 1 3.000000 3.000000 32.000000 0.000000 1.000000 
34.000000 19 1 -40.000000 40.000000 -10.000000 10.000000 10000.000000 1 5 1 1 3.000000 3.000000 24.000000 0.000000 2.000000 
34.500000 19 1 -40.000000 40.000000 -10.000000 10.000000 10000.000000 1 5 1 1 3.000000 3.000000 16.000000 0.000000 2.000000 
35.000000 19 1 -40.000000 40.000000 -10.000000 10.000000 10000.000000 1 5 1 1 3.000000 3.000000 8.000000 0.000000 2.000000 
35.500000 19 1 -40.000000 40.000000 -10.000000 10.000000 10000.000000 1 5 1 1 3.000000 3.000000 0.000000 0.000000 2.000000 
36.000000 19 1 -40.000000 40.000000 -10.000000 10.000000 10000.000000 1 5 1 1 3.000000 3.000000 -8.000000 0.000000 2.000000 
36.500000 19 1 -40.000000 40.000000 -10.000000 10.000000 10000.000000 1 5 1 1 3.000000 3.000000 -16.000000 0.000000 2.000000 
37.000000 19 1 -40.000000 40.000000 -10.000000 10.000000 10000.000000 1 5 1 1 3.000000 3.000000 -24.000000 0.000000 2.000000 
37.500000 19 1 -40.000000 40.000000 -10.000000 10.000000 10000.000000 1 5 1 1 3.000000 3.000000 -32.000000 0.000000 2.000000 
38.000000 19 1 -40.000000 40.000000 -10.000000 10.000000 10000.000000 1 5 1 1 3.000000 3.000000 -24.000000 0.000000 1.000000 
38.500000 19 1 -40.000000 40.000000 -10.000000 10.000000 10000.000000 1 5 1 1 3.000000 3.000000 -16.000000 0.000000 1.000000 
39.000000 19 1 -40.000000 40.000000 -10.000000 10.000000 10000.000000 1 5 1 1 3.000000 3.000000 -8.000000 0.000000 1.000000 
39.500000 19 1 -40.000000 40.000000 -10.000000 10.000000 10000.000000 1 5 1 1 3.000000 3.000000 0.000000 0.000000 1.000000 
40.000000 19 1 -40.000000 40.000000 -10.000000 10.000000 10000.000000 1 5 1 1 3.000000 3.000000 8.000000 0.000000 1.000000 
40.500000 19 1 -40.000000 40.000000 -10.000000 10.000000 10000.000000 1 5 1 1 3.000000 3.000000 16.000000 0.000000 1.000000 
41.000000 19 1 -40.000000 40.000000 -10.000000 10.000000 10000.000000 1 5 1 1 3.000000 3.000000 24.000000 0.000000 1.000000 
41.500000 19 1 -40.000000 40.000000 -10.000000 10.000000 10000.000000 1 5 1 1 3.000000 3.000000 32.000000 0.000000 1.000000 
42.000000 19 1 -40.000000 40.000000 -10.000000 10.000000 10000.000000 1 5 1 1 3.000000 3.000000 24.000000 0.000000 2.000000 
42.500000 19 1 -40.000000 40.000000 -10.000000 10.000000 10000.000000 1 5 1 1 3.000000 3.000000 16.000000 0.000000 2.000000 
43.000000 19 1 -40.000000 40.000000 -10.000000 10.000000 10000.000000 1 5 1 1 3.000000 3.000000 8.000000 0.000000 2.000000 
43.500000 19 1 -40.000000 40.000000 -10.000000 10.000000 10000.000000 1 5 1 1 3.000000 3.000000 0.000000 0.000000 2.000000 
44.000000 19 1 -40.000000 40.000000 -10.000000 10.000000 10000.000000 1 5 1 1 3.000000 3.000000 -8.000000 0.000000 2.000000 
44.500000 19 1 -40.000000 40.000000 -10.000000 10.000000 10000.000000 1 5 1 1 3.000000 3.000000 -16.000000 0.000000 2.000000 
45.000000 19 1 -40.000000 40.000000 -10.000000 10.000000 10000.000000 1 5 1 1 3.000000 3.000000 -24.000000 0.000000 2.000000 
45.500000 19 1 -40.000000 40.000000 -10.000000 10.000000 10000.000000 1 5 1 1 3.000000 3.000000 -32.000000 0.000000 2.000000 
46.000000 19 1 -40.000000 40.000000 -10.000000 10.000000 10000.000000 1 5 1 1 3.000000 3.000000 -24.000000 0.000000 1.000000 
46.500000 19 1 -40.000000 40.000000 -10.000000 10.000000 10000.000000 1 5 1 1 3.000000 3.000000 -16.000000 0.000000 1.000000 
47.000000 19 1 -40.000000 40.000000 -10.000000 10.000000 10000.000000 1 5 1 1 3.000000 3.000000 -8.000000 0.000000 1.000000 
47.500000 19 1 -40.000000 40.000000 -10.000000 10.000000 10000.000000 1 5 1 1 3.000000 3.000000 0.000000 0.000000 1.000000 
48.000000 19 1 -40.000000 40.000000 -10.000000 10.000000 10000.000000 1 5 1 1 3.000000 3.000000 8.000000 0.000000 1.000000 
48.500000 19 1 -40.000000 40.000000 -10.000000 10.000000 10000.000000 1 5 1 1 3.000000 3.000000 16.000000 0.000000 1.000000 
49.000000 19 1 -40.000000 40.000000 -10.000000 10.000000 10000.000000 1 5 1 1 3.000000 3.000000 24.000000 0.000000 1.000000 
49.500000 19 1 -40.000000 40.000000 -10.000000 10.000000 10000.000000 1 5 1 1 3.000000 3.000000 32.000000 0.000000 1.000000 
50.000000 19 1 -40.000000 40.000000 -10.000000 10.000000 10000.000000 1 5 1 1 3.000000 3.000000 24.000000 0.000000 2.000000 
50.500000 19 1 -40.000000 40.000000 -10.000000 10.000000 10000.000000 1 5 1 1 3.000000 3.000000 16.000000 0.000000 2.000000 
51.000000 19 1 -40.000000 40.000000 -10.000000 10.000000 10000.000000 1 5 1 1 3.000000 3.000000 8.000000 0.000000 2.000000 
51.500000 19 1 -40.000000 40.000000 -10.000000 10.000000 10000.000000 1 5 1 1 3.000000 3.000000 0.000000 0.000000 2.000000 
52.000000 19 1 -40.000000 40.000000 -10.000000 10.000000 10000.000000 1 5 1 1 3.000000 3.000000 -8.000000 0.000000 2.000000 
52.500000 19 1 -40.000000 40.000000 -10.000000 10.000000 10000.000000 1 5 1 1 3.000000 3.000000 -16.000000 0.000000 2.000000 
53.000000 19 1 -40.000000 40.000000 -10.000000 10.000000 10000.000000 1 5 1 1 3.000000 3.000000 -24.000000 0.000000 2.000000 
53.500000 19 1 -40.000000 40.000000 -10.000000 10.000000 10000.000000 1 5 1 1 3.000000 3.000000 -32.000000 0.000000 2.000000 
54.000000 19 1 -40.000000 40.000000 -10.000000 10.000000 10000.000000 1 5 1 1 3.000000 3.000000 -24.000000 0.000000 1.000000 
54.500000 19 1 -40.000000 40.000000 -10.000000 10.000000 10000.000000 1 5 1 1 3.000000 3.000000 -16.000000 0.000000 1.000000 
55.000000 19 1 -40.000000 40.000000 -10.000000 10.000000 10000.000000 1 5 1 1 3.000000 3.000000 -8.000000 0.000000 1.000000 
55.500000 19 1 -40.000000 40.000000 -10.000000 10.000000 10000.000000 1 5 1 1 3.000000 3.000000 0.000000 0.000000 1.000000 
56.000000 19 1 -40.000000 40.000000 -10.000000 10.000000 10000.000000 1 5 1 1 3.000000 3.000000 8.000000 0.000000 1.000000 
56.500000 19 1 -40.000000 40.000000 -10.000000 10.000000 10000.000000 1 5 1 1 3.000000 3.000000 16.000000 0.000000 1.000000 
57.000000 19 1 -40.000000 40.000000 -10.000000 10.000000 10000.000000 1 5 1 1 3.000000 3.000000 24.000000 0.000000 1.000000 
57.500000 19 1 -40.000000 40.000000 -10.000000 10.000000 10000.000000 1 5 1 1 3.000000 3.000000 32.000000 0.000000 1.000000 
58.000000 19 1 -40.000000 40.000000 -10.000000 10.000000 10000.000000 1 5 1 1 3.000000 3.000000 24.000000 0.000000 2.000000 
58.500000 19 1 -40.000000 40.000000 -10.000000 10.000000 10000.000000 1 5 1 1 3.000000 3.000000 16.000000 0.000000 2.000000 
59.000000 19 1 -40.000000 40.000000 -10.000000 10.000000 10000.000000 1 5 1 1 3.000000 3.000000 8.000000 0.000000 2.000000 
59.500000 19 1 -40.000000 40.000000 -10.000000 10.000000 10000.000000 1 5 1 1 3.000000 3.000000 0.000000 0.000000 2.000000 
60.000000 19 1 -40.000000 40.000000 -10.000000 10.000000 10000.000000 1 5 1 1 3.000000 3.000000 -8.000000 0.000000 2.000000 
60.500000 19 1 -40.000000 40.000000 -10.000000 10.000000 10000.000000 1 5 1 1 3.000000 3.000000 -16.000000 0.000000 2.000000 
61.000000 19 1 -40.000000 40.000000 -10.000000 10.000000 10000.000000 1 5 1 1 3.000000 3.000000 -24.000000 0.000000 2.000000 
61.500000 19 1 -40.000000 40.000000 -10.000000 10.000000 10000.000000 1 5 1 1 3.000000 3.000000 -32.000000 0.000000 2.000000 
62.000000 19 1 -40.000000 40.000000 -10.000000 10.000000 10000.000000 1 5 1 1 3.000000 3.000000 -24.000000 0.000000 1.000000 
62.500000 19 1 -40.000000 40.000000 -10.000000 10.000000 10000.000000 1 5 1 1 3.000000 3.000000 -16.000000 0.000000 1.000000 
63.000000 19 1 -40.000000 40.000000 -10.000000 10.000000 10000.000000 1 5 1 1 3.000000 3.000000 -8.000000 0.000000 1.000000 
63.500000 19 1 -40.000000 40.000000 -10.000000 10.000000 10000.000000 1 5 1 1 3.000000 3.000000 0.000000 0.000000 1.000000 
64.000000 19 1 -40.000000 40.000000 -10.000000 10.000000 10000.000000 1 5 1 1 3.000000 3.000000 8.000000 0.000000 1.000000 
64.500000 19 1 -40.000000 40.000000 -10.000000 10.000000 10000.000000 1 5 1 1 3.000000 3.000000 16.000000 0.000000 1.000000 
65.000000 19 1 -40.000000 40.000000 -10.000000 10.000000 10000.000000 1 5 1 1 3.000000 3.000000 24.000000 0.000000 1.000000 
65.500000 19 1 -40.000000 40.000000 -10.000000 10.000000 10000.000000 1 5 1 1 3.000000 3.000000 32.000000 0.000000 1.000000 
66.000000 19 1 -40.000000 40.000000 -10.000000 10.000000 10000.000000 1 5 1 1 3.000000 3.000000 24.000000 0.000000 2.000000 
66.500000 19 1 -40.000000 40.000000 -10.000000 10.000000 10000.000000 1 5 1 1 3.000000 3.000000 16.000000 0.000000 2.000000 
67.000000 19 1 -40.000000 40.000000 -10.000000 10.000000 10000.000000 1 5 1 1 3.000000 3.000000 8.000000 0.000000 2.000000 
67.500000 19 1 -40.000000 40.000000 -10.000000 10.000000 10000.000000 1 5 1 1 3.000000 3.000000 0.000000 0.000000 2.000000 
68.000000 19 1 -40.000000 40.000000 -10.000000 10.000000 10000.000000 1 5 1 1 3.000000 3.000000 -8.000000 0.000000 2.000000 
68.500000 19 1 -40.000000 40.000000 -10.000000 10.000000 10000.000000 1 5 1 1 3.000000 3.000000 -16.000000 0.000000 2.000000 
69.000000 19 1 -40.000000 40.000000 -10.000000 10.000000 10000.000000 1 5 1 1 3.000000 3.000000 -24.000000 0.000000 2.000000 
69.500000 19 1 -40.000000 40.000000 -10.000000 10.000000 10000.000000 1 5 1 1 3.000000 3.000000 -32.000000 0.000000 2.000000 
70.000000 19 1 -40.000000 40.000000 -10.000000 10.000000 10000.000000 1 5 1 1 3.000000 3.000000 -24.000000 0.000000 1.000000 
70.500000 19 1 -40.000000 40.000000 -10.000000 10.000000 10000.000000 1 5 1 1 3.000000 3.000000 -16.000000 0.000000 1.000000 
71.000000 19 1 -40.000000 40.000000 -10.000000 10.000000 10000.000000 1 5 1 1 3.000000 3.000000 -8.000000 0.000000 1.000000 
71.500000 19 1 -40.000000 40.000000 -10.000000 10.000000 10000.000000 1 5 1 1 3.000000 3.000000 0.000000 0.000000 1.000000 
72.000000 19 1 -40.000000 40.000000 -10.000000 10.000000 10000.000000 1 5 1 1 3.000000 3.000000 8.000000 0.000000 1.000000 
72.500000 19 1 -40.000000 40.000000 -10.000000 10.000000 10000.000000 1 5 1 1 3.000000 3.000000 16.000000 0.000000 1.000000 
73.000000 19 1 -40.000000 40.000000 -10.000000 10.000000 10000.000000 1 5 1 1 3.000000 3.000000 24.000000 0.000000 1.000000 
73.500000 19 1 -40.000000 40.000000 -10.000000 10.000000 10000.000000 1 5 1 1 3.000000 3.000000 32.000000 0.000000 1.000000 
74.000000 19 1 -40.000000 40.000000 -10.000000 10.000000 10000.000000 1 5 1 1 3.000000 3.000000 24.000000 0.000000 2.000000 
74.500000 19 1 -40.000000 40.000000 -10.000000 10.000000 10000.000000 1 5 1 1 3.000000 3.000000 16.000000 0.000000 2.000000 
75.000000 19 1 -40.000000 40.000000 -10.000000 10.000000 10000.000000 1 5 1 1 3.000000 3.000000 8.000000 0.000000 2.000000 
75.500000 19 1 -40.000000 40.000000 -10.000000 10.000000 10000.000000 1 5 1 1 3.000000 3.000000 0.000000 0.000000 2.000000 
76.000000 19 1 -40.000000 40.000000 -10.000000 10.000000 10000.000000 1 5 1 1 3.000000 3.000000 -8.000000 0.000000 2.000000 
76.500000 19 1 -40.000000 40.000000 -10.000000 10.000000 10000.000000 1 5 1 1 3.000000 3.000000 -16.000000 0.000000 2.000000 
77.000000 19 1 -40.000000 40.000000 -10.000000 10.000000 10000.000000 1 5 1 1 3.000000 3.000000 -24.000000 0.000000 2.000000 
77.500000 19 1 -40.000000 40.000000 -10.000000 10.000000 10000.000000 1 5 1 1 3.000000 3.000000 -32.000000 0.000000 2.000000 
78.000000 19 1 -40.000000 40.000000 -10.000000 10.000000 10000.000000 1 5 1 1 3.000000 3.000000 -24.000000 0.000000 1.000000 
78.500000 19 1 -40.000000 40.000000 -10.000000 10.000000 10000.000000 1 5 1 1 3.000000 3.000000 -16.000000 0.000000 1.000000 
79.000000 19 1 -40.000000 40.000000 -10.000000 10.000000 10000.000000 1 5 1 1 3.000000 3.000000 -8.000000 0.000000 1.000000 
79.500000 19 1 -40.000000 40.000000 -10.000000 10.000000 10000.000000 1 5 1 1 3.000000 3.000000 0.000000 0.000000 1.000000 
80.000000 19 1 -40.000000 40.000000 -10.000000 10.000000 10000.000000 1 5 1 1 3.000000 3.000000 8.000000 0.000000 1.000000 
80.500000 19 1 -40.000000 40.000000 -10.000000 10.000000 10000.000000 1 5 1 1 3.000000 3.000000 16.000000 0.000000 1.000000 
81.000000 19 1 -40.000000 40.000000 -10.000000 10.000000 10000.000000 1 5 1 1 3.000000 3.000000 24.000000 0.000000 1.000000 
81.500000 19 1 -40.000000 40.000000 -10.000000 10.000000 10000.000000 1 5 1 1 3.000000 3.000000 32.000000 0.000000 1.000000 
82.000000 19 1 -40.000000 40.000000 -10.000000 10.000000 10000.000000 1 5 1 1 3.000000 3.000000 24.000000 0.000000 2.000000 
82.500000 19 1 -40.000000 40.000000 -10.000000 10.000000 10000.000000 1 5 1 1 3.000000 3.000000 16.000000 0.000000 2.000000 
83.000000 19 1 -40.000000 40.000000 -10.000000 10.000000 10000.000000 1 5 1 1 3.000000 3.000000 8.000000 0.000000 2.000000 
83.500000 19 1 -40.000000 40.000000 -10.000000 10.000000 10000.000000 1 5 1 1 3.000000 3.000000 0.000000 0.000000 2.000000 
84.000000 19 1 -40.000000 40.000000 -10.000000 10.000000 10000.000000 1 5 1 1 3.000000 3.000000 -8.000000 0.000000 2.000000 
84.500000 19 1 -40.000000 40.000000 -10.000000 10.000000 10000.000000 1 5 1 1 3.000000 3.000000 -16.000000 0.000000 2.000000 
85.000000 19 1 -40.000000 40.000000 -10.000000 10.000000 10000.000000 1 5 1 1 3.000000 3.000000 -24.000000 0.000000 2.000000 
85.500000 19 1 -40.000000 40.000000 -10.000000 10.000000 10000.000000 1 5 1 1 3.000000 3.000000 -32.000000 0.000000 2.000000 
86.000000 19 1 -40.000000 40.000000 -10.000000 10.000000 10000.000000 1 5 1 1 3.000000 3.000000 -24.000000 0.000000 1.000000 
86.500000 19 1 -40.000000 40.000000 -10.000000 10.000000 10000.000000 1 5 1 1 3.000000 3.000000 -16.000000 0.000000 1.000000 
87.000000 19 1 -40.000000 40.000000 -10.000000 10.000000 10000.000000 1 5 1 1 3.000000 3.000000 -8.000000 0.000000 1.000000 
87.500000 19 1 -40.000000 40.000000 -10.000000 10.000000 10000.000000 1 5 1 1 3.000000 3.000000 0.000000 0.000000 1.000000 
88.000000 19 1 -40.000000 40.000000 -10.000000 10.000000 10000.000000 1 5 1 1 3.000000 3.000000 8.000000 0.000000 1.000000 
88.500000 19 1 -40.000000 40.000000 -10.000000 10.000000 10000.000000 1 5 1 1 3.000000 3.000000 16.000000 0.000000 1.000000 
89.000000 19 1 -40.000000 40.000000 -10.000000 10.000000 10000.000000 1 5 1 1 3.000000 3.000000 24.000000 0.000000 1.000000 
89.500000 19 1 -40.000000 40.000000 -10.000000 10.000000 10000.000000 1 5 1 1 3.000000 3.000000 32.000000 0.000000 1.000000 
90.000000 19 1 -40.000000 40.000000 -10.000000 10.000000 10000.000000 1 5 1 1 3.000000 3.000000 24.000000 0.000000 2.000000 
90.500000 19 1 -40.000000 40.000000 -10.000000 10.000000 10000.000000 1 5 1 1 3.000000 3.000000 16.000000 0.000000 2.000000 
91.000000 19 1 -40.000000 40.000000 -10.000000 10.000000 10000.000000 1 5 1 1 3.000000 3.000000 8.000000 0.000000 2.000000 
91.500000 19 1 -40.000000 40.000000 -10.000000 10.000000 10000.000000 1 5 1 1 3.000000 3.000000 0.000000 0.000000 2.000000 
92.000000 19 1 -40.000000 40.000000 -10.000000 10.000000 10000.000000 1 5 1 1 3.000000 3.000000 -8.000000 0.000000 2.000000 
92.500000 19 1 -40.000000 40.000000 -10.000000 10.000000 10000.000000 1 5 1 1 3.000000 3.000000 -16.000000 0.000000 2.000000 
93.000000 19 1 -40.000000 40.000000 -10.000000 10.000000 10000.000000 1 5 1 1 3.000000 3.000000 -24.000000 0.000000 2.000000 
93.500000 19 1 -40.000000 40.000000 -10.000000 10.000000 10000.000000 1 5 1 1 3.000000 3.000000 -32.000000 0.000000 2.000000 
94.000000 19 1 -40.000000 40.000000 -10.000000 10.000000 10000.000000 1 5 1 1 3.000000 3.000000 -24.000000 0.000000 1.000000 
94.500000 19 1 -40.000000 40.000000 -10.000000 10.000000 10000.000000 1 5 1 1 3.000000 3.000000 -16.000000 0.000000 1.000000 
95.000000 19 1 -40.000000 40.000000 -10.000000 10.000000 10000.000000 1 5 1 1 3.000000 3.000000 -8.000000 0.000000 1.000000 
95.500000 19 1 -40.000000 40.000000 -10.000000 10.000000 10000.000000 1 5 1 1 3.000000 3.000000 0.000000 0.000000 1.000000 
96.000000 19 1 -40.000000 40.000000 -10.000000 10.000000 10000.000000 1 5 1 1 3.000000 3.000000 8.000000 0.000000 1.000000 
96.500000 19 1 -40.000000 40.000000 -10.000000 10.000000 10000.000000 1 5 1 1 3.000000 3.000000 16.000000 0.000000 1.000000 
97.000000 19 1 -40.000000 40.000000 -10.000000 10.000000 10000.000000 1 5 1 1 3.000000 3.000000 24.000000 0.000000 1.000000 
97.500000 19 1 -40.000000 40.000000 -10.000000 10.000000 10000.000000 1 5 1 1 3.000000 3.000000 32.000000 0.000000 1.000000 
98.000000 19 1 -40.000000 40.000000 -10.000000 10.000000 10000.000000 1 5 1 1 3.000000 3.000000 24.000000 0.000000 2.000000 
98.500000 19 1 -40.000000 40.000000 -10.000000 10.000000 10000.000000 1 5 1 1 3.000000 3.000000 16.000000 0.000000 2.000000 
99.000000 19 1 -40.000000 40.000000 -10.000000 10.000000 10000.000000 1 5 1 1 3.000000 3.000000 8.000000 0.000000 2.000000 
99.500000 19 1 -40.000000 40.000000 -10.000000 10.000000 10000.000000 1 5 1 1 3.000000 3.000000 0.000000 0.000000 2.000000 
100.000000 19 1 -40.000000 40.000000 -10.000000 10.000000 10000.000000 1 5 1 1 3.000000 3.000000 -8.000000 0.000000 2.000000 
100.500000 19 1 -40.000000 40.000000 -10.000000 10.000000 10000.000000 1 5 1 1 3.000000 3.000000 -16.000000 0.000000 2.000000 
101.000000 19 1 -40.000000 40.000000 -10.000000 10.000000 10000.000000 2 5 1 
101.500000 19 1 -40.000000 40.000000 -10.000000 10.000000 10000.000000 2 5 1 
102.000000 19 1 -40.000000 40.000000 -10.000000 10.000000 10000.000000 2 5 1 
102.500000 19 1 -40.000000 40.000000 -10.000000 10.000000 10000.000000 2 5 1 
103.000000 19 1 -40.000000 40.000000 -10.000000 10.000000 10000.000000 2 5 1 
103.500000 19 1 -40.000000 40.000000 -10.000000 10.000000 10000.000000 2 5 1 
104.000000 19 1 -40.000000 40.000000 -10.000000 10.000000 10000.000000 2 5 1 
104.500000 19 1 -40.000000 40.000000 -10.000000 10.000000 10000.000000 2 5 1 
105.000000 19 1 -40.000000 40.000000 -10.000000 10.000000 10000.000000 2 5 1 
105.500000 19 1 -40.000000 40.000000 -10.000000 10.000000 10000.000000 2 5 1 
106.000000 19 1 -40.000000 40.000000 -10.000000 10.000000 10000.000000 2 5 1 
106.500000 19 1 -40.000000 40.000000 -10.000000 10.000000 10000.000000 2 5 1 
107.000000 19 1 -40.000000 40.000000 -10.000000 10.000000 10000.000000 2 5 1 
107.500000 19 1 -40.000000 40.000000 -10.000000 10.000000 10000.000000 2 5 1 
108.000000 19 1 -40.000000 40.000000 -10.000000 10.000000 10000.000000 2 5 1 
108.500000 19 1 -40.000000 40.000000 -10.000000 10.000000 10000.000000 2 5 1 
109.000000 19 1 -40.000000 40.000000 -10.000000 10.000000 10000.000000 2 5 1 
109.500000 19 1 -40.000000 40.000000 -10.000000 10.000000 10000.000000 2 5 1 
110.000000 19 1 -40.000000 40.000000 -10.000000 10.000000 10000.000000 2 5 1 
110.500000 19 1 -40.000000 40.000000 -10.000000 10.000000 10000.000000 2 5 1 
111.000000 19 1 -40.000000 40.000000 -10.000000 10.000000 10000.000000 2 5 1 
111.500000 19 1 -40.000000 40.000000 -10.000000 10.000000 10000.000000 2 5 1 
112.000000 19 1 -40.000000 40.000000 -10.000000 10.000000 10000.000000 2 5 1 
112.500000 19 1 -40.000000 40.000000 -10.000000 10.000000 10000.000000 2 5 1 
113.000000 19 1 -40.000000 40.000000 -10.000000 10.000000 10000.000000 2 5 1 
113.500000 19 1 -40.000000 40.000000 -10.000000 10.000000 10000.000000 2 5 1 
114.000000 19 1 -40.000000 40.000000 -10.000000 10.000000 10000.000000 2 5 1 
114.500000 19 1 -40.000000 40.000000 -10.000000 10.000000 10000.000000 2 5 1 
115.000000 19 1 -40.000000 40.000000 -10.000000 10.000000 10000.000000 2 5 1 
115.500000 19 1 -40.000000 40.000000 -10.000000 10.000000 10000.000000 2 5 1 
116.000000 19 1 -40.000000 40.000000 -10.000000 10.000000 10000.000000 2 5 1 
116.500000 19 1 -40.000000 40.000000 -10.000000 10.000000 10000.000000 2 5 1 
117.000000 19 1 -40.000000 40.000000 -10.000000 10.000000 10000.000000 2 5 1 
117.500000 19 1 -40.000000 40.000000 -10.000000 10.000000 10000.000000 2 5 1 
118.000000 19 1 -40.000000 40.000000 -10.000000 10.000000 10000.000000 2 5 1 
118.500000 19 1 -40.000000 40.000000 -10.000000 10.000000 10000.000000 2 5 1 
119.000000 19 1 -40.000000 40.000000 -10.000000 10.000000 10000.000000 2 5 1 
119.500000 19 1 -40.000000 40.000000 -10.000000 10.000000 10000.000000 2 5 1 
120.000000 19 1 -40.000000 40.000000 -10.000000 10.000000 10000.000000 2 5 1 
120.500000 19 1 -40.000000 40.000000 -10.000000 10.000000 10000.000000 2 5 1 
121.000000 19 1 -40.000000 40.000000 -10.000000 10.000000 10000.000000 2 5 1 
121.500000 19 1 -40.000000 40.000000 -10.000000 10.000000 10000.000000 2 5 1 
122.000000 19 1 -40.000000 40.000000 -10.000000 10.000000 10000.000000 2 5 1 
122.500000 19 1 -40.000000 40.000000 -10.000000 10.000000 10000.000000 2 5 1 
123.000000 19 1 -40.000000 40.000000 -10.000000 10.000000 10000.000000 2 5 1 
123.500000 19 1 -40.000000 40.000000 -10.000000 10.000000 10000.000000 2 5 1 
124.000000 19 1 -40.000000 40.000000 -10.000000 10.000000 10000.000000 2 5 1 
124.500000 19 1 -40.000000 40.000000 -10.000000 10.000000 10000.000000 2 5 1 
125.000000 19 1 -40.000000 40.000000 -10.000000 10.000000 10000.000000 2 5 1 
125.500000 19 1 -40.000000 40.000000 -10.000000 10.000000 10000.000000 2 5 1 
126.000000 19 1 -40.000000 40.000000 -10.000000 10.000000 10000.000000 2 5 1 
126.500000 19 1 -40.000000 40.000000 -10.000000 10.000000 10000.000000 2 5 1 
127.000000 19 1 -40.000000 40.000000 -10.000000 10.000000 10000.000000 2 5 1 
127.500000 19 1 -40.000000 40.000000 -10.000000 10.000000 10000.000000 2 5 1 
128.000000 19 1 -40.000000 40.000000 -10.000000 10.000000 10000.000000 2 5 1 
128.500000 19 1 -40.000000 40.000000 -10.000000 10.000000 10000.000000 2 5 1 
129.000000 19 1 -40.000000 40.000000 -10.000000 10.000000 10000.000000 2 5 1 
129.500000 19 1 -40.000000 40.000000 -10.000000 10.000000 10000.000000 2 5 1 
130.000000 19 1 -40.000000 40.000000 -10.000000 10.000000 10000.000000 2 5 1 
130.500000 19 1 -40.000000 40.000000 -10.000000 10.000000 10000.000000 2 5 1 
131.000000 19 1 -40.000000 40.000000 -10.000000 10.000000 10000.000000 2 5 1 
131.500000 19 1 -40.000000 40.000000 -10.000000 10.000000 10000.000000 2 5 1 
132.000000 19 1 -40.000000 40.000000 -10.000000 10.000000 10000.000000 2 5 1 
132.500000 19 1 -40.000000 40.000000 -10.000000 10.000000 10000.000000 2 5 1 
133.000000 19 1 -40.000000 40.000000 -10.000000 10.000000 10000.000000 2 5 1 
133.500000 19 1 -40.000000 40.000000 -10.000000 10.000000 10000.000000 2 5 1 
134.000000 19 1 -40.000000 40.000000 -10.000000 10.000000 10000.000000 2 5 1 
134.500000 19 1 -40.000000 40.000000 -10.000000 10.000000 10000.000000 2 5 1 
135.000000 19 1 -40.000000 40.000000 -10.000000 10.000000 10000.000000 2 5 1 
135.500000 19 1 -40.000000 40.000000 -10.000000 10.000000 10000.000000 2 5 1 
136.000000 19 1 -40.000000 40.000000 -10.000000 10.000000 10000.000000 2 5 1 
136.500000 19 1 -40.000000 40.000000 -10.000000 10.000000 10000.000000 2 5 1 
137.000000 19 1 -40.000000 40.000000 -10.000000 10.000000 10000.000000 2 5 1 
137.500000 19 1 -40.000000 40.000000 -10.000000 10.000000 10000.000000 2 5 1 
138.000000 19 1 -40.000000 40.000000 -10.000000 10.000000 10000.000000 2 5 1 
138.500000 19 1 -40.000000 40.000000 -10.000000 10.000000 10000.000000 2 5 1 
139.000000 19 1 -40.000000 40.000000 -10.000000 10.000000 10000.000000 2 5 1 
139.500000 19 1 -40.000000 40.000000 -10.000000 10.000000 10000.000000 2 5 1 
140.000000 19 1 -40.000000 40.000000 -10.000000 10.000000 10000.000000 2 5 1 
140.500000 19 1 -40.000000 40.000000 -10.000000 10.000000 10000.000000 2 5 1 
141.000000 19 1 -40.000000 40.000000 -10.000000 10.000000 10000.000000 2 5 1 
141.500000 19 1 -40.000000 40.000000 -10.000000 10.000000 10000.000000 2 5 1 
142.000000 19 1 -40.000000 40.000000 -10.000000 10.000000 10000.000000 2 5 1 
142.500000 19 1 -40.000000 40.000000 -10.000000 10.000000 10000.000000 2 5 1 
143.000000 19 1 -40.000000 40.000000 -10.000000 10.000000 10000.000000 2 5 1 
143.500000 19 1 -40.000000 40.000000 -10.000000 10.000000 10000.000000 2 5 1 
144.000000 19 1 -40.000000 40.000000 -10.000000 10.000000 10000.000000 2 5 1 
144.500000 19 1 -40.000000 40.000000 -10.000000 10.000000 10000.000000 2 5 1 
145.000000 19 1 -40.000000 40.000000 -10.000000 10.000000 10000.000000 2 5 1 
145.500000 19 1 -40.000000 40.000000 -10.000000 10.000000 10000.000000 2 5 1 
146.000000 19 1 -40.000000 40.000000 -10.000000 10.000000 10000.000000 2 5 1 
146.500000 19 1 -40.000000 40.000000 -10.000000 10.000000 10000.000000 2 5 1 
147.000000 19 1 -40.000000 40.000000 -10.000000 10.000000 10000.000000 2 5 1 
147.500000 19 1 -40.000000 40.000000 -10.000000 10.000000 10000.000000 2 5 1 
148.000000 19 1 -40.000000 40.000000 -10.000000 10.000000 10000.000000 2 5 1 
148.500000 19 1 -40.000000 40.000000 -10.000000 10.000000 10000.000000 2 5 1 
149.000000 19 1 -40.000000 40.000000 -10.000000 10.000000 10000.000000 2 5 1 
149.500000 19 1 -40.000000 40.000000 -10.000000 10.000000 10000.000000 2 5 1 
150.000000 19 1 -40.000000 40.000000 -10.000000 10.000000 10000.000000 2 5 1 
150.500000 19 1 -40.000000 40.000000 -10.000000 10.000000 10000.000000 2 5 1 
151.000000 19 1 -40.000000 40.000000 -10.000000 10.000000 10000.000000 2 5 1 
151.500000 19 1 -40.000000 40.000000 -10.000000 10.000000 10000.000000 2 5 1 
152.000000 19 1 -40.000000 40.000000 -10.000000 10.000000 10000.000000 2 5 1 
152.500000 19 1 -40.000000 40.000000 -10.000000 10.000000 10000.000000 2 5 1 
153.000000 19 1 -40.000000 40.000000 -10.000000 10.000000 10000.000000 2 5 1 
153.500000 19 1 -40.000000 40.000000 -10.000000 10.000000 10000.000000 2 5 1 
154.000000 19 1 -40.000000 40.000000 -10.000000 10.000000 10000.000000 2 5 1 
154.500000 19 1 -40.000000 40.000000 -10.000000 10.000000 10000.000000 2 5 1 
155.000000 19 1 -40.000000 40.000000 -10.000000 10.000000 10000.000000 2 5 1 
155.500000 19 1 -40.000000 40.000000 -10.000000 10.000000 10000.000000 2 5 1 
156.000000 19 1 -40.000000 40.000000 -10.000000 10.000000 10000.000000 2 5 1 
156.500000 19 1 -40.000000 40.000000 -10.000000 10.000000 10000.000000 2 5 1 
157.000000 19 1 -40.000000 40.000000 -10.000000 10.000000 10000.000000 2 5 1 
157.500000 19 1 -40.000000 40.000000 -10.000000 10.000000 10000.000000 2 5 1 
158.000000 19 1 -40.000000 40.000000 -10.000000 10.000000 10000.000000 2 5 1 
158.500000 19 1 -40.000000 40.000000 -10.000000 10.000000 10000.000000 2 5 1 
159.000000 19 1 -40.000000 40.000000 -10.000000 10.000000 10000.000000 2 5 1 
159.500000 19 1 -40.000000 40.000000 -10.000000 10.000000 10000.000000 2 5 1 
160.000000 19 1 -40.000000 40.000000 -10.000000 10.000000 10000.000000 2 5 1 
160.500000 19 1 -40.000000 40.000000 -10.000000 10.000000 10000.000000 2 5 1 
161.000000 19 1 -40.000000 40.000000 -10.000000 10.000000 10000.000000 2 5 1 
161.500000 19 1 -40.000000 40.000000 -10.000000 10.000000 10000.000000 2 5 1 
162.000000 19 1 -40.000000 40.000000 -10.000000 10.000000 10000.000000 2 5 1 
162.500000 19 1 -40.000000 40.000000 -10.000000 10.000000 10000.000000 2 5 1 
163.000000 19 1 -40.000000 40.000000 -10.000000 10.000000 10000.000000 2 5 1 
163.500000 19 1 -40.000000 40.000000 -10.000000 10.000000 10000.000000 2 5 1 
164.000000 19 1 -40.000000 40.000000 -10.000000 10.000000 10000.000000 2 5 1 
164.500000 19 1 -40.000000 40.000000 -10.000000 10.000000 10000.000000 2 5 1 
165.000000 19 1 -40.000000 40.000000 -10.000000 10.000000 10000.000000 2 5 1 
165.500000 19 1 -40.000000 40.000000 -10.000000 10.000000 10000.000000 2 5 1 
166.000000 19 1 -40.000000 40.000000 -10.000000 10.000000 10000.000000 2 5 1 
166.500000 19 1 -40.000000 40.000000 -10.000000 10.000000 10000.000000 2 5 1 
167.000000 19 1 -40.000000 40.000000 -10.000000 10.000000 10000.000000 2 5 1 
167.500000 19 1 -40.000000 40.000000 -10.000000 10.000000 10000.000000 2 5 1 
168.000000 19 1 -40.000000 40.000000 -10.000000 10.000000 10000.000000 2 5 1 
168.500000 19 1 -40.000000 40.000000 -10.000000 10.000000 10000.000000 2 5 1 
169.000000 19 1 -40.000000 40.000000 -10.000000 10.000000 10000.000000 2 5 1 
169.500000 19 1 -40.000000 40.000000 -10.000000 10.000000 10000.000000 2 5 1 
170.000000 19 1 -40.000000 40.000000 -10.000000 10.000000 10000.000000 2 5 1 
170.500000 19 1 -40.000000 40.000000 -10.000000 10.000000 10000.000000 2 5 1 
171.000000 19 1 -40.000000 40.000000 -10.000000 10.000000 10000.000000 2 5 1 
171.500000 19 1 -40.000000 40.000000 -10.000000 10.000000 10000.000000 2 5 1 
172.000000 19 1 -40.000000 40.000000 -10.000000 10.000000 10000.000000 2 5 1 
172.500000 19 1 -40.000000 40.000000 -10.000000 10.000000 10000.000000 2 5 1 
173.000000 19 1 -40.000000 40.000000 -10.000000 10.000000 10000.000000 2 5 1 
173.500000 19 1 -40.000000 40.000000 -10.000000 10.000000 10000.000000 2 5 1 
174.000000 19 1 -40.000000 40.000000 -10.000000 10.000000 10000.000000 2 5 1 
174.500000 19 1 -40.000000 40.000000 -10.000000 10.000000 10000.000000 2 5 1 
175.000000 19 1 -40.000000 40.000000 -10.000000 10.000000 10000.000000 2 5 1 
175.500000 19 1 -40.000000 40.000000 -10.000000 10.000000 10000.000000 2 5 1 
176.000000 19 1 -40.000000 40.000000 -10.000000 10.000000 10000.000000 2 5 1 
176.500000 19 1 -40.000000 40.000000 -10.000000 10.000000 10000.000000 2 5 1 
177.000000 19 1 -40.000000 40.000000 -10.000000 10.000000 10000.000000 2 5 1 
177.500000 19 1 -40.000000 40.000000 -10.000000 10.000000 10000.000000 2 5 1 
178.000000 19 1 -40.000000 40.000000 -10.000000 10.000000 10000.000000 2 5 1 
178.500000 19 1 -40.000000 40.000000 -10.000000 10.000000 10000.000000 2 5 1 
179.000000 19 1 -40.000000 40.000000 -10.000000 10.000000 10000.000000 2 5 1 
179.500000 19 1 -40.000000 40.000000 -10.000000 10.000000 10000.000000 2 5 1 
180.000000 19 1 -40.000000 40.000000 -10.000000 10.000000 10000.000000 2 5 1 
180.500000 19 1 -40.000000 40.000000 -10.000000 10.000000 10000.000000 2 5 1 
181.000000 19 1 -40.000000 40.000000 -10.000000 10.000000 10000.000000 2 5 1 
181.500000 19 1 -40.000000 40.000000 -10.000000 10.000000 10000.000000 2 5 1 
182.000000 19 1 -40.000000 40.000000 -10.000000 10.000000 10000.000000 2 5 1 
182.500000 19 1 -40.000000 40.000000 -10.000000 10.000000 10000.000000 2 5 1 
183.000000 19 1 -40.000000 40.000000 -10.000000 10.000000 10000.000000 2 5 1 
183.500000 19 1 -40.000000 40.000000 -10.000000 10.000000 10000.000000 2 5 1 
184.000000 19 1 -40.000000 40.000000 -10.000000 10.000000 10000.000000 2 5 1 
184.500000 19 1 -40.000000 40.000000 -10.000000 10.000000 10000.000000 2 5 1 
185.000000 19 1 -40.000000 40.000000 -10.000000 10.000000 10000.000000 2 5 1 
185.500000 19 1 -40.000000 40.000000 -10.000000 10.000000 10000.000000 2 5 1 
186.000000 19 1 -40.000000 40.000000 -10.000000 10.000000 10000.000000 2 5 1 
186.500000 19 1 -40.000000 40.000000 -10.000000 10.000000 10000.000000 2 5 1 
187.000000 19 1 -40.000000 40.000000 -10.000000 10.000000 10000.000000 2 5 1 
187.500000 19 1 -40.000000 40.000000 -10.000000 10.000000 10000.000000 2 5 1 
188.000000 19 1 -40.000000 40.000000 -10.000000 10.000000 10000.000000 2 5 1 
188.500000 19 1 -40.000000 40.000000 -10.000000 10.000000 10000.000000 2 5 1 
189.000000 19 1 -40.000000 40.000000 -10.000000 10.000000 10000.000000 2 5 1 
189.500000 19 1 -40.000000 40.000000 -10.000000 10.000000 10000.000000 2 5 1 
190.000000 19 1 -40.000000 40.000000 -10.000000 10.000000 10000.000000 2 5 1 
190.500000 19 1 -40.000000 40.000000 -10.000000 10.000000 10000.000000 2 5 1 
191.000000 19 1 -40.000000 40.000000 -10.000000 10.000000 10000.000000 2 5 1 
191.500000 19 1 -40.000000 40.000000 -10.000000 10.000000 10000.000000 2 5 1 
192.000000 19 1 -40.000000 40.000000 -10.000000 10.000000 10000.000000 2 5 1 
192.500000 19 1 -40.000000 40.000000 -10.000000 10.000000 10000.000000 2 5 1 
193.000000 19 1 -40.000000 40.000000 -10.000000 10.000000 10000.000000 2 5 1 
193.500000 19 1 -40.000000 40.000000 -10.000000 10.000000 10000.000000 2 5 1 
194.000000 19 1 -40.000000 40.000000 -10.000000 10.000000 10000.000000 2 5 1 
194.500000 19 1 -40.000000 40.000000 -10.000000 10.000000 10000.000000 2 5 1 
195.000000 19 1 -40.000000 40.000000 -10.000000 10.000000 10000.000000 2 5 1 
195.500000 19 1 -40.000000 40.000000 -10.000000 10.000000 10000.000000 2 5 1 
196.000000 19 1 -40.000000 40.000000 -10.000000 10.000000 10000.000000 2 5 1 
196.500000 19 1 -40.000000 40.000000 -10.000000 10.000000 10000.000000 2 5 1 
197.000000 19 1 -40.000000 40.000000 -10.000000 10.000000 10000.000000 2 5 1 
197.500000 19 1 -40.000000 40.000000 -10.000000 10.000000 10000.000000 2 5 1 
198.000000 19 1 -40.000000 40.000000 -10.000000 10.000000 10000.000000 2 5 1 
198.500000 19 1 -40.000000 40.000000 -10.000000 10.000000 10000.000000 2 5 1 
199.000000 19 1 -40.000000 40.000000 -10.000000 10.000000 10000.000000 2 5 1 
199.500000 19 1 -40.000000 40.000000 -10.000000 10.000000 10000.000000 2 5 1 
200.000000 19 1 -40.000000 40.000000 -10.000000 10.000000 10000.000000 2 5 1 
200.500000 19 1 -40.000000 40.000000 -10.000000 10.000000 10000.000000 2 5 1 
201.000000 19 1 -40.000000 40.000000 -10.000000 10.000000 10000.000000 2 5 1 
201.500000 19 1 -40.000000 40.000000 -10.000000 10.000000 10000.000000 2 5 1 
202.000000 19 1 -40.000000 40.000000 -10.000000 10.000000 10000.000000 2 5 1 
202.500000 19 1 -40.000000 40.000000 -10.000000 10.000000 10000.000000 2 5 1 
203.000000 19 1 -40.000000 40.000000 -10.000000 10.000000 10000.000000 2 5 1 
203.500000 19 1 -40.000000 40.000000 -10.000000 10.000000 10000.000000 2 5 1 
204.000000 19 1 -40.000000 40.000000 -10.000000 10.000000 10000.000000 2 5 1 
204.500000 19 1 -40.000000 40.000000 -10.000000 10.000000 10000.000000 2 5 1 
205.000000 19 1 -40.000000 40.000000 -10.000000 10.000000 10000.000000 2 5 1 
205.500000 19 1 -40.000000 40.000000 -10.000000 10.000000 10000.000000 2 5 1 
206.000000 19 1 -40.000000 40.000000 -10.000000 10.000000 10000.000000 2 5 1 
206.500000 19 1 -40.000000 40.000000 -10.000000 10.000000 10000.000000 2 5 1 
207.000000 19 1 -40.000000 40.000000 -10.000000 10.000000 10000.000000 2 5 1 
207.500000 19 1 -40.000000 40.000000 -10.000000 10.000000 10000.000000 2 5 1 
208.000000 19 1 -40.000000 40.000000 -10.000000 10.000000 10000.000000 2 5 1 
208.500000 19 1 -40.000000 40.000000 -10.000000 10.000000 10000.000000 2 5 1 
209.000000 19 1 -40.000000 40.000000 -10.000000 10.000000 10000.000000 2 5 1 
209.500000 19 1 -40.000000 40.000000 -10.000000 10.000000 10000.000000 2 5 1 
210.000000 19 1 -40.000000 40.000000 -10.000000 10.000000 10000.000000 2 5 1 
210.500000 19 1 -40.000000 40.000000 -10.000000 10.000000 10000.000000 2 5 1 
211.000000 19 1 -40.000000 40.000000 -10.000000 10.000000 10000.000000 2 5 1 
211.500000 19 1 -40.000000 40.000000 -10.000000 10.000000 10000.000000 2 5 1 
212.000000 19 1 -40.000000 40.000000 -10.000000 10.000000 10000.000000 2 5 1 
212.500000 19 1 -40.000000 40.000000 -10.000000 10.000000 10000.000000 2 5 1 
213.000000 19 1 -40.000000 40.000000 -10.000000 10.000000 10000.000000 2 5 1 
213.500000 19 1 -40.000000 40.000000 -10.000000 10.000000 10000.000000 2 5 1 
214.000000 19 1 -40.000000 40.000000 -10.000000 10.000000 10000.000000 2 5 1 
214.500000 19 1 -40.000000 40.000000 -10.000000 10.000000 10000.000000 2 5 1 
215.000000 19 1 -40.000000 40.000000 -10.000000 10.000000 10000.000000 2 5 1 
215.500000 19 1 -40.000000 40.000000 -10.000000 10.000000 10000.000000 2 5 1 
216.000000 19 1 -40.000000 40.000000 -10.000000 10.000000 10000.000000 2 5 1 
216.500000 19 1 -40.000000 40.000000 -10.000000 10.000000 10000.000000 2 5 1 
217.000000 19 1 -40.000000 40.000000 -10.000000 10.000000 10000.000000 2 5 1 
217.500000 19 1 -40.000000 40.000000 -10.000000 10.000000 10000.000000 2 5 1 
218.000000 19 1 -40.000000 40.000000 -10.000000 10.000000 10000.000000 2 5 1 
218.500000 19 1 -40.000000 40.000000 -10.000000 10.000000 10000.000000 2 5 1 
219.000000 19 1 -40.000000 40.000000 -10.000000 10.000000 10000.000000 2 5 1 
219.500000 19 1 -40.000000 40.000000 -10.000000 10.000000 10000.000000 2 5 1 
220.000000 19 1 -40.000000 40.000000 -10.000000 10.000000 10000.000000 2 5 1 
220.500000 19 1 -40.000000 40.000000 -10.000000 10.000000 10000.000000 2 5 1 
221.000000 19 1 -40.000000 40.000000 -10.000000 10.000000 10000.000000 2 5 1 
221.500000 19 1 -40.000000 40.000000 -10.000000 10.000000 10000.000000 2 5 1 
222.000000 19 1 -40.000000 40.000000 -10.000000 10.000000 10000.000000 2 5 1 
222.500000 19 1 -40.000000 40.000000 -10.000000 10.000000 10000.000000 2 5 1 
223.000000 19 1 -40.000000 40.000000 -10.000000 10.000000 10000.000000 2 5 1 
223.500000 19 1 -40.000000 40.000000 -10.000000 10.000000 10000.000000 2 5 1 
224.000000 19 1 -40.000000 40.000000 -10.000000 10.000000 10000.000000 2 5 1 
224.500000 19 1 -40.000000 40.000000 -10.000000 10.000000 10000.000000 2 5 1 
225.000000 19 1 -40.000000 40.000000 -10.000000 10.000000 10000.000000 2 5 1 
225.500000 19 1 -40.000000 40.000000 -10.000000 10.000000 10000.000000 2 5 1 
226.000000 19 1 -40.000000 40.000000 -10.000000 10.000000 10000.000000 2 5 1 
226.500000 19 1 -40.000000 40.000000 -10.000000 10.000000 10000.000000 2 5 1 
227.000000 19 1 -40.000000 40.000000 -10.000000 10.000000 10000.000000 2 5 1 
227.500000 19 1 -40.000000 40.000000 -10.000000 10.000000 10000.000000 2 5 1 
228.000000 19 1 -40.000000 40.000000 -10.000000 10.000000 10000.000000 2 5 1 
228.500000 19 1 -40.000000 40.000000 -10.000000 10.000000 10000.000000 2 5 1 
229.000000 19 1 -40.000000 40.000000 -10.000000 10.000000 10000.000000 2 5 1 
229.500000 19 1 -40.000000 40.000000 -10.000000 10.000000 10000.000000 2 5 1 
230.000000 19 1 -40.000000 40.000000 -10.000000 10.000000 10000.000000 2 5 1 
230.500000 19 1 -40.000000 40.000000 -10.000000 10.000000 10000.000000 2 5 1 
231.000000 19 1 -40.000000 40.000000 -10.000000 10.000000 10000.000000 2 5 1 
231.500000 19 1 -40.000000 40.000000 -10.000000 10.000000 10000.000000 2 5 1 
232.000000 19 1 -40.000000 40.000000 -10.000000 10.000000 10000.000000 2 5 1 
232.500000 19 1 -40.000000 40.000000 -10.000000 10.000000 10000.000000 2 5 1 
233.000000 19 1 -40.000000 40.000000 -10.000000 10.000000 10000.000000 2 5 1 
233.500000 19 1 -40.000000 40.000000 -10.000000 10.000000 10000.000000 2 5 1 
234.000000 19 1 -40.000000 40.000000 -10.000000 10.000000 10000.000000 2 5 1 
234.500000 19 1 -40.000000 40.000000 -10.000000 10.000000 10000.000000 2 5 1 
235.000000 19 1 -40.000000 40.000000 -10.000000 10.000000 10000.000000 2 5 1 
235.500000 19 1 -40.000000 40.000000 -10.000000 10.000000 10000.000000 2 5 1 
236.000000 19 1 -40.000000 40.000000 -10.000000 10.000000 10000.000000 2 5 1 
236.500000 19 1 -40.000000 40.000000 -10.000000 10.000000 10000.000000 2 5 1 
237.000000 19 1 -40.000000 40.000000 -10.000000 10.000000 10000.000000 2 5 1 
237.500000 19 1 -40.000000 40.000000 -10.000000 10.000000 10000.000000 2 5 1 
238.000000 19 1 -40.000000 40.000000 -10.000000 10.000000 10000.000000 2 5 1 
238.500000 19 1 -40.000000 40.000000 -10.000000 10.000000 10000.000000 2 5 1 
239.000000 19 1 -40.000000 40.000000 -10.000000 10.000000 10000.000000 2 5 1 
239.500000 19 1 -40.000000 40.000000 -10.000000 10.000000 10000.000000 2 5 1 
240.000000 19 1 -40.000000 40.000000 -10.000000 10.000000 10000.000000 2 5 1 
240.500000 19 1 -40.000000 40.000000 -10.000000 10.000000 10000.000000 2 5 1 
241.000000 19 1 -40.000000 40.000000 -10.000000 10.000000 10000.000000 2 5 1 
241.500000 19 1 -40.000000 40.000000 -10.000000 10.000000 10000.000000 2 5 1 
242.000000 19 1 -40.000000 40.000000 -10.000000 10.000000 10000.000000 2 5 1 
242.500000 19 1 -40.000000 40.000000 -10.000000 10.000000 10000.000000 2 5 1 
243.000000 19 1 -40.000000 40.000000 -10.000000 10.000000 10000.000000 2 5 1 
243.500000 19 1 -40.000000 40.000000 -10.000000 10.000000 10000.000000 2 5 1 
244.000000 19 1 -40.000000 40.000000 -10.000000 10.000000 10000.000000 2 5 1 
244.500000 19 1 -40.000000 40.000000 -10.000000 10.000000 10000.000000 2 5 1 
245.000000 19 1 -40.000000 40.000000 -10.000000 10.000000 10000.000000 2 5 1 
245.500000 19 1 -40.000000 40.000000 -10.000000 10.000000 10000.000000 2 5 1 
246.000000 19 1 -40.000000 40.000000 -10.000000 10.000000 10000.000000 2 5 1 
246.500000 19 1 -40.000000 40.000000 -10.000000 10.000000 10000.000000 2 5 1 
247.000000 19 1 -40.000000 40.000000 -10.000000 10.000000 10000.000000 2 5 1 
247.500000 19 1 -40.000000 40.000000 -10.000000 10.000000 10000.000000 2 5 1 
248.000000 19 1 -40.000000 40.000000 -10.000000 10.000000 10000.000000 2 5 1 
248.500000 19 1 -40.000000 40.000000 -10.000000 10.000000 10000.000000 2 5 1 
249.000000 19 1 -40.000000 40.000000 -10.000000 10.000000 10000.000000 2 5 1 
249.500000 19 1 -40.000000 40.000000 -10.000000 10.000000 10000.000000 2 5 1 
250.000000 19 1 -40.000000 40.000000 -10.000000 10.000000 10000.000000 2 5 1 
250.500000 19 1 -40.000000 40.000000 -10.000000 10.000000 10000.000000 2 5 1 
251.000000 19 1 -40.000000 40.000000 -10.000000 10.000000 10000.000000 2 5 1 
251.500000 19 1 -40.000000 40.000000 -10.000000 10.000000 10000.000000 2 5 1 
252.000000 19 1 -40.000000 40.000000 -10.000000 10.000000 10000.000000 2 5 1 
252.500000 19 1 -40.000000 40.000000 -10.000000 10.000000 10000.000000 2 5 1 
253.000000 19 1 -40.000000 40.000000 -10.000000 10.000000 10000.000000 2 5 1 
253.500000 19 1 -40.000000 40.000000 -10.000000 10.000000 10000.000000 2 5 1 
254.000000 19 1 -40.000000 40.000000 -10.000000 10.000000 10000.000000 2 5 1 
254.500000 19 1 -40.000000 40.000000 -10.000000 10.000000 10000.000000 2 5 1 
255.000000 19 1 -40.000000 40.000000 -10.000000 10.000000 10000.000000 2 5 1 
255.500000 19 1 -40.000000 40.000000 -10.000000 10.000000 10000.000000 2 5 1 
256.000000 19 1 -40.000000 40.000000 -10.000000 10.000000 10000.000000 2 5 1 
256.500000 19 1 -40.000000 40.000000 -10.000000 10.000000 10000.000000 2 5 1 
257.000000 19 1 -40.000000 40.000000 -10.000000 10.000000 10000.000000 2 5 1 
257.500000 19 1 -40.000000 40.000000 -10.000000 10.000000 10000.000000 2 5 1 
258.000000 19 1 -40.000000 40.000000 -10.000000 10.000000 10000.000000 2 5 1 
258.500000 19 1 -40.000000 40.000000 -10.000000 10.000000 10000.000000 2 5 1 
259.000000 19 1 -40.000000 40.000000 -10.000000 10.000000 10000.000000 2 5 1 
259.500000 19 1 -40.000000 40.000000 -10.000000 10.000000 10000.000000 2 5 1 
260.000000 19 1 -40.000000 40.000000 -10.000000 10.000000 10000.000000 2 5 1 
260.500000 19 1 -40.000000 40.000000 -10.000000 10.000000 10000.000000 2 5 1 
261.000000 19 1 -40.000000 40.000000 -10.000000 10.000000 10000.000000 2 5 1 
261.500000 19 1 -40.000000 40.000000 -10.000000 10.000000 10000.000000 2 5 1 
262.000000 19 1 -40.000000 40.000000 -10.000000 10.000000 10000.000000 2 5 1 
262.500000 19 1 -40.000000 40.000000 -10.000000 10.000000 10000.000000 2 5 1 
263.000000 19 1 -40.000000 40.000000 -10.000000 10.000000 10000.000000 2 5 1 
263.500000 19 1 -40.000000 40.000000 -10.000000 10.000000 10000.000000 2 5 1 
264.000000 19 1 -40.000000 40.000000 -10.000000 10.000000 10000.000000 2 5 1 
264.500000 19 1 -40.000000 40.000000 -10.000000 10.000000 10000.000000 2 5 1 
265.000000 19 1 -40.000000 40.000000 -10.000000 10.000000 10000.000000 2 5 1 
265.500000 19 1 -40.000000 40.000000 -10.000000 10.000000 10000.000000 2 5 1 
266.000000 19 1 -40.000000 40.000000 -10.000000 10.000000 10000.000000 2 5 1 
266.500000 19 1 -40.000000 40.000000 -10.000000 10.000000 10000.000000 2 5 1 
267.000000 19 1 -40.000000 40.000000 -10.000000 10.000000 10000.000000 2 5 1 
267.500000 19 1 -40.000000 40.000000 -10.000000 10.000000 10000.000000 2 5 1 
268.000000 19 1 -40.000000 40.000000 -10.000000 10.000000 10000.000000 2 5 1 
268.500000 19 1 -40.000000 40.000000 -10.000000 10.000000 10000.000000 2 5 1 
269.000000 19 1 -40.000000 40.000000 -10.000000 10.000000 10000.000000 2 5 1 
269.500000 19 1 -40.000000 40.000000 -10.000000 10.000000 10000.000000 2 5 1 
270.000000 19 1 -40.000000 40.000000 -10.000000 10.000000 10000.000000 2 5 1 
270.500000 19 1 -40.000000 40.000000 -10.000000 10.000000 10000.000000 2 5 1 
271.000000 19 1 -40.000000 40.000000 -10.000000 10.000000 10000.000000 2 5 1 
271.500000 19 1 -40.000000 40.000000 -10.000000 10.000000 10000.000000 2 5 1 
272.000000 19 1 -40.000000 40.000000 -10.000000 10.000000 10000.000000 2 5 1 
272.500000 19 1 -40.000000 40.000000 -10.000000 10.000000 10000.000000 2 5 1 
273.000000 19 1 -40.000000 40.000000 -10.000000 10.000000 10000.000000 2 5 1 
273.500000 19 1 -40.000000 40.000000 -10.000000 10.000000 10000.000000 2 5 1 
274.000000 19 1 -40.000000 40.000000 -10.000000 10.000000 10000.000000 2 5 1 
274.500000 19 1 -40.000000 40.000000 -10.000000 10.000000 10000.000000 2 5 1 
275.000000 19 1 -40.000000 40.000000 -10.000000 10.000000 10000.000000 2 5 1 
275.500000 19 1 -40.000000 40.000000 -10.000000 10.000000 10000.000000 2 5 1 
276.000000 19 1 -40.000000 40.000000 -10.000000 10.000000 10000.000000 2 5 1 
276.500000 19 1 -40.000000 40.000000 -10.000000 10.000000 10000.000000 2 5 1 
277.000000 19 1 -40.000000 40.000000 -10.000000 10.000000 10000.000000 2 5 1 
277.500000 19 1 -40.000000 40.000000 -10.000000 10.000000 10000.000000 2 5 1 
278.000000 19 1 -40.000000 40.000000 -10.000000 10.000000 10000.000000 2 5 1 
278.500000 19 1 -40.000000 40.000000 -10.000000 10.000000 10000.000000 2 5 1 
279.000000 19 1 -40.000000 40.000000 -10.000000 10.000000 10000.000000 2 5 1 
279.500000 19 1 -40.000000 40.000000 -10.000000 10.000000 10000.000000 2 5 1 
280.000000 19 1 -40.000000 40.000000 -10.000000 10.000000 10000.000000 2 5 1 
280.500000 19 1 -40.000000 40.000000 -10.000000 10.000000 10000.000000 2 5 1 
281.000000 19 1 -40.000000 40.000000 -10.000000 10.000000 10000.000000 2 5 1 
281.500000 19 1 -40.000000 40.000000 -10.000000 10.000000 10000.000000 2 5 1 
282.000000 19 1 -40.000000 40.000000 -10.000000 10.000000 10000.000000 2 5 1 
282.500000 19 1 -40.000000 40.000000 -10.000000 10.000000 10000.000000 2 5 1 
283.000000 19 1 -40.000000 40.000000 -10.000000 10.000000 10000.000000 2 5 1 
283.500000 19 1 -40.000000 40.000000 -10.000000 10.000000 10000.000000 2 5 1 
284.000000 19 1 -40.000000 40.000000 -10.000000 10.000000 10000.000000 2 5 1 
284.500000 19 1 -40.000000 40.000000 -10.000000 10.000000 10000.000000 2 5 1 
285.000000 19 1 -40.000000 40.000000 -10.000000 10.000000 10000.000000 2 5 1 
285.500000 19 1 -40.000000 40.000000 -10.000000 10.000000 10000.000000 2 5 1 
286.000000 19 1 -40.000000 40.000000 -10.000000 10.000000 10000.000000 2 5 1 
286.500000 19 1 -40.000000 40.000000 -10.000000 10.000000 10000.000000 2 5 1 
287.000000 19 1 -40.000000 40.000000 -10.000000 10.000000 10000.000000 2 5 1 
287.500000 19 1 -40.000000 40.000000 -10.000000 10.000000 10000.000000 2 5 1 
288.000000 19 1 -40.000000 40.000000 -10.000000 10.000000 10000.000000 2 5 1 
288.500000 19 1 -40.000000 40.000000 -10.000000 10.000000 10000.000000 2 5 1 
289.000000 19 1 -40.000000 40.000000 -10.000000 10.000000 10000.000000 2 5 1 
289.500000 19 1 -40.000000 40.000000 -10.000000 10.000000 10000.000000 2 5 1 
290.000000 19 1 -40.000000 40.000000 -10.000000 10.000000 10000.000000 2 5 1 
290.500000 19 1 -40.000000 40.000000 -10.000000 10.000000 10000.000000 2 5 1 
291.000000 19 1 -40.000000 40.000000 -10.000000 10.000000 10000.000000 2 5 1 
291.500000 19 1 -40.000000 40.000000 -10.000000 10.000000 10000.000000 2 5 1 
292.000000 19 1 -40.000000 40.000000 -10.000000 10.000000 10000.000000 2 5 1 
292.500000 19 1 -40.000000 40.000000 -10.000000 10.000000 10000.000000 2 5 1 
293.000000 19 1 -40.000000 40.000000 -10.000000 10.000000 10000.000000 2 5 1 
293.500000 19 1 -40.000000 40.000000 -10.000000 10.000000 10000.000000 2 5 1 
294.000000 19 1 -40.000000 40.000000 -10.000000 10.000000 10000.000000 2 5 1 
294.500000 19 1 -40.000000 40.000000 -10.000000 10.000000 10000.000000 2 5 1 
295.000000 19 1 -40.000000 40.000000 -10.000000 10.000000 10000.000000 2 5 1 
295.500000 19 1 -40.000000 40.000000 -10.000000 10.000000 10000.000000 2 5 1 
296.000000 19 1 -40.000000 40.000000 -10.000000 10.000000 10000.000000 2 5 1 
296.500000 19 1 -40.000000 40.000000 -10.000000 10.000000 10000.000000 2 5 1 
297.000000 19 1 -40.000000 40.000000 -10.000000 10.000000 10000.000000 2 5 1 
297.500000 19 1 -40.000000 40.000000 -10.000000 10.000000 10000.000000 2 5 1 
298.000000 19 1 -40.000000 40.000000 -10.000000 10.000000 10000.000000 2 5 1 
298.500000 19 1 -40.000000 40.000000 -10.000000 10.000000 10000.000000 2 5 1 
299.000000 19 1 -40.000000 40.000000 -10.000000 10.000000 10000.000000 2 5 1 
299.500000 19 1 -40.000000 40.000000 -10.000000 10.000000 10000.000000 2 5 1 
300.000000 19 1 -40.000000 40.000000 -10.000000 10.000000 10000.000000 2 5 1 
300.500000 19 1 -40.000000 40.000000 -10.000000 10.000000 10000.000000 2 5 1 
301.000000 19 1 -40.000000 40.000000 -10.000000 10.000000 10000.000000 2 5 1 
301.500000 19 1 -40.000000 40.000000 -10.000000 10.000000 10000.000000 2 5 1 
302.000000 19 1 -40.000000 40.000000 -10.000000 10.000000 10000.000000 2 5 1 
302.500000 19 1 -40.000000 40.000000 -10.000000 10.000000 10000.000000 2 5 1 
303.000000 19 1 -40.000000 40.000000 -10.000000 10.000000 10000.000000 2 5 1 
303.500000 19 1 -40.000000 40.000000 -10.000000 10.000000 10000.000000 2 5 1 
304.000000 19 1 -40.000000 40.000000 -10.000000 10.000000 10000.000000 2 5 1 
304.500000 19 1 -40.000000 40.000000 -10.000000 10.000000 10000.000000 2 5 1 
305.000000 19 1 -40.000000 40.000000 -10.000000 10.000000 10000.000000 2 5 1 
305.500000 19 1 -40.000000 40.000000 -10.000000 10.000000 10000.000000 2 5 1 
306.000000 19 1 -40.000000 40.000000 -10.000000 10.000000 10000.000000 2 5 1 
306.500000 19 1 -40.000000 40.000000 -10.000000 10.000000 10000.000000 2 5 1 
307.000000 19 1 -40.000000 40.000000 -10.000000 10.000000 10000.000000 2 5 1 
307.500000 19 1 -40.000000 40.000000 -10.000000 10.000000 10000.000000 2 5 1 
308.000000 19 1 -40.000000 40.000000 -10.000000 10.000000 10000.000000 2 5 1 
308.500000 19 1 -40.000000 40.000000 -10.000000 10.000000 10000.000000 2 5 1 
309.000000 19 1 -40.000000 40.000000 -10.000000 10.000000 10000.000000 2 5 1 
309.500000 19 1 -40.000000 40.000000 -10.000000 10.000000 10000.000000 2 5 1 
310.000000 19 1 -40.000000 40.000000 -10.000000 10.000000 10000.000000 2 5 1 
310.500000 19 1 -40.000000 40.000000 -10.000000 10.000000 10000.000000 2 5 1 
311.000000 19 1 -40.000000 40.000000 -10.000000 10.000000 10000.000000 2 5 1 
311.500000 19 1 -40.000000 40.000000 -10.000000 10.000000 10000.000000 2 5 1 
312.000000 19 1 -40.000000 40.000000 -10.000000 10.000000 10000.000000 2 5 1 
312.500000 19 1 -40.000000 40.000000 -10.000000 10.000000 10000.000000 2 5 1 
313.000000 19 1 -40.000000 40.000000 -10.000000 10.000000 10000.000000 2 5 1 
313.500000 19 1 -40.000000 40.000000 -10.000000 10.000000 10000.000000 2 5 1 
314.000000 19 1 -40.000000 40.000000 -10.000000 10.000000 10000.000000 2 5 1 
314.500000 19 1 -40.000000 40.000000 -10.000000 10.000000 10000.000000 2 5 1 
315.000000 19 1 -40.000000 40.000000 -10.000000 10.000000 10000.000000 2 5 1 
315.500000 19 1 -40.000000 40.000000 -10.000000 10.000000 10000.000000 2 5 1 
316.000000 19 1 -40.000000 40.000000 -10.000000 10.000000 10000.000000 2 5 1 
316.500000 19 1 -40.000000 40.000000 -10.000000 10.000000 10000.000000 2 5 1 
317.000000 19 1 -40.000000 40.000000 -10.000000 10.000000 10000.000000 2 5 1 
317.500000 19 1 -40.000000 40.000000 -10.000000 10.000000 10000.000000 2 5 1 
318.000000 19 1 -40.000000 40.000000 -10.000000 10.000000 10000.000000 2 5 1 
318.500000 19 1 -40.000000 40.000000 -10.000000 10.000000 10000.000000 2 5 1 
319.000000 19 1 -40.000000 40.000000 -10.000000 10.000000 10000.000000 2 5 1 
319.500000 19 1 -40.000000 40.000000 -10.000000 10.000000 10000.000000 2 5 1 
320.000000 19 1 -40.000000 40.000000 -10.000000 10.000000 10000.000000 2 5 1 
320.500000 19 1 -40.000000 40.000000 -10.000000 10.000000 10000.000000 2 5 1 
321.000000 19 1 -40.000000 40.000000 -10.000000 10.000000 10000.000000 2 5 1 
321.500000 19 1 -40.000000 40.000000 -10.000000 10.000000 10000.000000 2 5 1 
322.000000 19 1 -40.000000 40.000000 -10.000000 10.000000 10000.000000 2 5 1 
322.500000 19 1 -40.000000 40.000000 -10.000000 10.000000 10000.000000 2 5 1 
323.000000 19 1 -40.000000 40.000000 -10.000000 10.000000 10000.000000 2 5 1 
323.500000 19 1 -40.000000 40.000000 -10.000000 10.000000 10000.000000 2 5 1 
324.000000 19 1 -40.000000 40.000000 -10.000000 10.000000 10000.000000 2 5 1 
324.500000 19 1 -40.000000 40.000000 -10.000000 10.000000 10000.000000 2 5 1 
325.000000 19 1 -40.000000 40.000000 -10.000000 10.000000 10000.000000 2 5 1 
325.500000 19 1 -40.000000 40.000000 -10.000000 10.000000 10000.000000 2 5 1 
326.000000 19 1 -40.000000 40.000000 -10.000000 10.000000 10000.000000 2 5 1 
326.500000 19 1 -40.000000 40.000000 -10.000000 10.000000 10000.000000 2 5 1 
327.000000 19 1 -40.000000 40.000000 -10.000000 10.000000 10000.000000 2 5 1 
327.500000 19 1 -40.000000 40.000000 -10.000000 10.000000 10000.000000 2 5 1 
328.000000 19 1 -40.000000 40.000000 -10.000000 10.000000 10000.000000 2 5 1 
328.500000 19 1 -40.000000 40.000000 -10.000000 10.000000 10000.000000 2 5 1 
329.000000 19 1 -40.000000 40.000000 -10.000000 10.000000 10000.000000 2 5 1 
329.500000 19 1 -40.000000 40.000000 -10.000000 10.000000 10000.000000 2 5 1 
330.000000 19 1 -40.000000 40.000000 -10.000000 10.000000 10000.000000 2 5 1 
330.500000 19 1 -40.000000 40.000000 -10.000000 10.000000 10000.000000 2 5 1 
331.000000 19 1 -40.000000 40.000000 -10.000000 10.000000 10000.000000 2 5 1 
331.500000 19 1 -40.000000 40.000000 -10.000000 10.000000 10000.000000 2 5 1 
332.000000 19 1 -40.000000 40.000000 -10.000000 10.000000 10000.000000 2 5 1 
332.500000 19 1 -40.000000 40.000000 -10.000000 10.000000 10000.000000 2 5 1 
333.000000 19 1 -40.000000 40.000000 -10.000000 10.000000 10000.000000 2 5 1 
333.500000 19 1 -40.000000 40.000000 -10.000000 10.000000 10000.000000 2 5 1 
334.000000 19 1 -40.000000 40.000000 -10.000000 10.000000 10000.000000 2 5 1 
334.500000 19 1 -40.000000 40.000000 -10.000000 10.000000 10000.000000 2 5 1 
335.000000 19 1 -40.000000 40.000000 -10.000000 10.000000 10000.000000 2 5 1 
335.500000 19 1 -40.000000 40.000000 -10.000000 10.000000 10000.000000 2 5 1 
336.000000 19 1 -40.000000 40.000000 -10.000000 10.000000 10000.000000 2 5 1 
336.500000 19 1 -40.000000 40.000000 -10.000000 10.000000 10000.000000 2 5 1 
337.000000 19 1 -40.000000 40.000000 -10.000000 10.000000 10000.000000 2 5 1 
337.500000 19 1 -40.000000 40.000000 -10.000000 10.000000 10000.000000 2 5 1 
338.000000 19 1 -40.000000 40.000000 -10.000000 10.000000 10000.000000 1 5 1 1 3.000000 3.000000 -24.000000 0.000000 2.000000 
338.500000 19 1 -40.000000 40.000000 -10.000000 10.000000 10000.000000 1 5 1 1 3.000000 3.000000 -32.000000 0.000000 2.000000 
