0.000000 22 1 -20.000000 20.000000 -8.000000 8.000000 10000.000000 2 2 1 
0.500000 22 1 -20.000000 20.000000 -8.000000 8.000000 10000.000000 2 2 1 
1.000000 22 1 -20.000000 20.000000 -8.000000 8.000000 10000.000000 2 2 1 
1.500000 22 1 -20.000000 20.000000 -8.000000 8.000000 10000.000000 2 2 1 
2.000000 22 1 -20.000000 20.000000 -8.000000 8.000000 10000.000000 2 2 1 
2.500000 22 1 -20.000000 20.000000 -8.000000 8.000000 10000.000000 2 2 1 
3.000000 22 1 -20.000000 20.000000 -8.000000 8.000000 10000.000000 2 2 1 
3.500000 22 1 -20.000000 20.000000 -8.000000 8.000000 10000.000000 2 2 1 
4.000000 22 1 -20.000000 20.000000 -8.000000 8.000000 10000.000000 2 2 1 
4.500000 22 1 -20.000000 20.000000 -8.000000 8.000000 10000.000000 2 2 1 
5.000000 22 1 -20.000000 20.000000 -8.000000 8.000000 10000.000000 2 2 1 
5.500000 22 1 -20.000000 20.000000 -8.000000 8.000000 10000.000000 2 2 1 
6.000000 22 1 -20.000000 20.000000 -8.000000 8.000000 10000.000000 2 2 1 
6.500000 22 1 -20.000000 20.000000 -8.000000 8.000000 10000.000000 2 2 1 
7.000000 22 1 -20.000000 20.000000 -8.000000 8.000000 10000.000000 2 2 1 
7.500000 22 1 -20.000000 20.000000 -8.000000 8.000000 10000.000000 2 2 1 
8.000000 22 1 -20.000000 20.000000 -8.000000 8.000000 10000.000000 2 2 1 
8.500000 22 1 -20.000000 20.000000 -8.000000 8.000000 10000.000000 2 2 1 
9.000000 22 1 -20.000000 20.000000 -8.000000 8.000000 10000.000000 2 2 1 
9.500000 22 1 -20.000000 20.000000 -8.000000 8.000000 10000.000000 2 2 1 
10.000000 22 1 -20.000000 20.000000 -8.000000 8.000000 10000.000000 2 2 1 
10.500000 22 1 -20.000000 20.000000 -8.000000 8.000000 10000.000000 2 2 1 
11.000000 22 1 -20.000000 20.000000 -8.000000 8.000000 10000.000000 2 2 1 
11.500000 22 1 -20.000000 20.000000 -8.000000 8.000000 10000.000000 2 2 1 
12.000000 22 1 -20.000000 20.000000 -8.000000 8.000000 10000.000000 2 2 1 
12.500000 22 1 -20.000000 20.000000 -8.000000 8.000000 10000.000000 2 2 1 
13.000000 22 1 -20.000000 20.000000 -8.000000 8.000000 10000.000000 2 2 1 
13.500000 22 1 -20.000000 20.000000 -8.000000 8.000000 10000.000000 2 2 1 
14.000000 22 1 -20.000000 20.000000 -8.000000 8.000000 10000.000000 2 2 1 
14.500000 22 1 -20.000000 20.000000 -8.000000 8.000000 10000.000000 2 2 1 
15.000000 22 1 -20.000000 20.000000 -8.000000 8.000000 10000.000000 2 2 1 
15.500000 22 1 -20.000000 20.000000 -8.000000 8.000000 10000.000000 2 2 1 
16.000000 22 1 -20.000000 20.000000 -8.000000 8.000000 10000.000000 2 2 1 
16.500000 22 1 -20.000000 20.000000 -8.000000 8.000000 10000.000000 2 2 1 
17.000000 22 1 -20.000000 20.000000 -8.000000 8.000000 10000.000000 2 2 1 
17.500000 22 1 -20.000000 20.000000 -8.000000 8.000000 10000.000000 2 2 1 
18.000000 22 1 -20.000000 20.000000 -8.000000 8.000000 10000.000000 2 2 1 
18.500000 22 1 -20.000000 20.000000 -8.000000 8.000000 10000.000000 2 2 1 
19.000000 22 1 -20.000000 20.000000 -8.000000 8.000000 10000.000000 2 2 1 
19.500000 22 1 -20.000000 20.000000 -8.000000 8.000000 10000.000000 2 2 1 
20.000000 22 1 -20.000000 20.000000 -8.000000 8.000000 10000.000000 2 2 1 
20.500000 22 1 -20.000000 20.000000 -8.000000 8.000000 10000.000000 2 2 1 
21.000000 22 1 -20.000000 20.000000 -8.000000 8.000000 10000.000000 2 2 1 
21.500000 22 1 -20.000000 20.000000 -8.000000 8.000000 10000.000000 2 2 1 
22.000000 22 1 -20.000000 20.000000 -8.000000 8.000000 10000.000000 2 2 1 
22.500000 22 1 -20.000000 20.000000 -8.000000 8.000000 10000.000000 2 2 1 
23.000000 22 1 -20.000000 20.000000 -8.000000 8.000000 10000.000000 2 2 1 
23.500000 22 1 -20.000000 20.000000 -8.000000 8.000000 10000.000000 2 2 1 
24.000000 22 1 -20.000000 20.000000 -8.000000 8.000000 10000.000000 2 2 1 
24.500000 22 1 -20.000000 20.000000 -8.000000 8.000000 10000.000000 2 2 1 
25.000000 22 1 -20.000000 20.000000 -8.000000 8.000000 10000.000000 2 2 1 
25.500000 22 1 -20.000000 20.000000 -8.000000 8.000000 10000.000000 2 2 1 
26.000000 22 1 -20.000000 20.000000 -8.000000 8.000000 10000.000000 2 2 1 
26.500000 22 1 -20.000000 20.000000 -8.000000 8.000000 10000.000000 2 2 1 
27.000000 22 1 -20.000000 20.000000 -8.000000 8.000000 10000.000000 2 2 1 
27.500000 22 1 -20.000000 20.000000 -8.000000 8.000000 10000.000000 2 2 1 
28.000000 22 1 -20.000000 20.000000 -8.000000 8.000000 10000.000000 2 2 1 
28.500000 22 1 -20.000000 20.000000 -8.000000 8.000000 10000.000000 2 2 1 
29.000000 22 1 -20.000000 20.000000 -8.000000 8.000000 10000.000000 2 2 1 
29.500000 22 1 -20.000000 20.000000 -8.000000 8.000000 10000.000000 2 2 1 
30.000000 22 1 -20.000000 20.000000 -8.000000 8.000000 10000.000000 2 2 1 
30.500000 22 1 -20.000000 20.000000 -8.000000 8.000000 10000.000000 2 2 1 
31.000000 22 1 -20.000000 20.000000 -8.000000 8.000000 10000.000000 2 2 1 
31.500000 22 1 -20.000000 20.000000 -8.000000 8.000000 10000.000000 2 2 1 
32.000000 22 1 -20.000000 20.000000 -8.000000 8.000000 10000.000000 2 2 1 
32.500000 22 1 -20.000000 20.000000 -8.000000 8.000000 10000.000000 2 2 1 
33.000000 22 1 -20.000000 20.000000 -8.000000 8.000000 10000.000000 2 2 1 
33.500000 22 1 -20.000000 20.000000 -8.000000 8.000000 10000.000000 2 2 1 
34.000000 22 1 -20.000000 20.000000 -8.000000 8.000000 10000.000000 2 2 1 
34.500000 22 1 -20.000000 20.000000 -8.000000 8.000000 10000.000000 2 2 1 
35.000000 22 1 -20.000000 20.000000 -8.000000 8.000000 10000.000000 2 2 1 
35.500000 22 1 -20.000000 20.000000 -8.000000 8.000000 10000.000000 2 2 1 
36.000000 22 1 -20.000000 20.000000 -8.000000 8.000000 10000.000000 2 2 1 
36.500000 22 1 -20.000000 20.000000 -8.000000 8.000000 10000.000000 2 2 1 
37.000000 22 1 -20.000000 20.000000 -8.000000 8.000000 10000.000000 2 2 1 
37.500000 22 1 -20.000000 20.000000 -8.000000 8.000000 10000.000000 2 2 1 
38.000000 22 1 -20.000000 20.000000 -8.000000 8.000000 10000.000000 2 2 1 
38.500000 22 1 -20.000000 20.000000 -8.000000 8.000000 10000.000000 2 2 1 
39.000000 22 1 -20.000000 20.000000 -8.000000 8.000000 10000.000000 2 2 1 
39.500000 22 1 -20.000000 20.000000 -8.000000 8.000000 10000.000000 2 2 1 
40.000000 22 1 -20.000000 20.000000 -8.000000 8.000000 10000.000000 2 2 1 
40.500000 22 1 -20.000000 20.000000 -8.000000 8.000000 10000.000000 2 2 1 
41.000000 22 1 -20.000000 20.000000 -8.000000 8.000000 10000.000000 2 2 1 
41.500000 22 1 -20.000000 20.000000 -8.000000 8.000000 10000.000000 2 2 1 
42.000000 22 1 -20.000000 20.000000 -8.000000 8.000000 10000.000000 2 2 1 
42.500000 22 1 -20.000000 20.000000 -8.000000 8.000000 10000.000000 2 2 1 
43.000000 22 1 -20.000000 20.000000 -8.000000 8.000000 10000.000000 2 2 1 
43.500000 22 1 -20.000000 20.000000 -8.000000 8.000000 10000.000000 2 2 1 
44.000000 22 1 -20.000000 20.000000 -8.000000 8.000000 10000.000000 2 2 1 
44.500000 22 1 -20.000000 20.000000 -8.000000 8.000000 10000.000000 2 2 1 
45.000000 22 1 -20.000000 20.000000 -8.000000 8.000000 10000.000000 2 2 1 
45.500000 22 1 -20.000000 20.000000 -8.000000 8.000000 10000.000000 2 2 1 
46.000000 22 1 -20.000000 20.000000 -8.000000 8.000000 10000.000000 2 2 1 
46.500000 22 1 -20.000000 20.000000 -8.000000 8.000000 10000.000000 2 2 1 
47.000000 22 1 -20.000000 20.000000 -8.000000 8.000000 10000.000000 2 2 1 
47.500000 22 1 -20.000000 20.000000 -8.000000 8.000000 10000.000000 2 2 1 
48.000000 22 1 -20.000000 20.000000 -8.000000 8.000000 10000.000000 2 2 1 
48.500000 22 1 -20.000000 20.000000 -8.000000 8.000000 10000.000000 2 2 1 
49.000000 22 1 -20.000000 20.000000 -8.000000 8.000000 10000.000000 2 2 1 
49.500000 22 1 -20.000000 20.000000 -8.000000 8.000000 10000.000000 2 2 1 
50.000000 22 1 -20.000000 20.000000 -8.000000 8.000000 10000.000000 2 2 1 
50.500000 22 1 -20.000000 20.000000 -8.000000 8.000000 10000.000000 2 2 1 
51.000000 22 1 -20.000000 20.000000 -8.000000 8.000000 10000.000000 2 2 1 
51.500000 22 1 -20.000000 20.000000 -8.000000 8.000000 10000.000000 2 2 1 
52.000000 22 1 -20.000000 20.000000 -8.000000 8.000000 10000.000000 2 2 1 
52.500000 22 1 -20.000000 20.000000 -8.000000 8.000000 10000.000000 2 2 1 
53.000000 22 1 -20.000000 20.000000 -8.000000 8.000000 10000.000000 2 2 1 
53.500000 22 1 -20.000000 20.000000 -8.000000 8.000000 10000.000000 2 2 1 
54.000000 22 1 -20.000000 20.000000 -8.000000 8.000000 10000.000000 2 2 1 
54.500000 22 1 -20.000000 20.000000 -8.000000 8.000000 10000.000000 2 2 1 
55.000000 22 1 -20.000000 20.000000 -8.000000 8.000000 10000.000000 2 2 1 
55.500000 22 1 -20.000000 20.000000 -8.000000 8.000000 10000.000000 2 2 1 
56.000000 22 1 -20.000000 20.000000 -8.000000 8.000000 10000.000000 2 2 1 
56.500000 22 1 -20.000000 20.000000 -8.000000 8.000000 10000.000000 2 2 1 
57.000000 22 1 -20.000000 20.000000 -8.000000 8.000000 10000.000000 2 2 1 
57.500000 22 1 -20.000000 20.000000 -8.000000 8.000000 10000.000000 2 2 1 
58.000000 22 1 -20.000000 20.000000 -8.000000 8.000000 10000.000000 2 2 1 
58.500000 22 1 -20.000000 20.000000 -8.000000 8.000000 10000.000000 2 2 1 
59.000000 22 1 -20.000000 20.000000 -8.000000 8.000000 10000.000000 2 2 1 
59.500000 22 1 -20.000000 20.000000 -8.000000 8.000000 10000.000000 2 2 1 
60.000000 22 1 -20.000000 20.000000 -8.000000 8.000000 10000.000000 2 2 1 
60.500000 22 1 -20.000000 20.000000 -8.000000 8.000000 10000.000000 2 2 1 
61.000000 22 1 -20.000000 20.000000 -8.000000 8.000000 10000.000000 2 2 1 
61.500000 22 1 -20.000000 20.000000 -8.000000 8.000000 10000.000000 2 2 1 
62.000000 22 1 -20.000000 20.000000 -8.000000 8.000000 10000.000000 2 2 1 
62.500000 22 1 -20.000000 20.000000 -8.000000 8.000000 10000.000000 2 2 1 
63.000000 22 1 -20.000000 20.000000 -8.000000 8.000000 10000.000000 2 2 1 
63.500000 22 1 -20.000000 20.000000 -8.000000 8.000000 10000.000000 2 2 1 
64.000000 22 1 -20.000000 20.000000 -8.000000 8.000000 10000.000000 2 2 1 
64.500000 22 1 -20.000000 20.000000 -8.000000 8.000000 10000.000000 2 2 1 
65.000000 22 1 -20.000000 20.000000 -8.000000 8.000000 10000.000000 2 2 1 
65.500000 22 1 -20.000000 20.000000 -8.000000 8.000000 10000.000000 2 2 1 
66.000000 22 1 -20.000000 20.000000 -8.000000 8.000000 10000.000000 2 2 1 
66.500000 22 1 -20.000000 20.000000 -8.000000 8.000000 10000.000000 2 2 1 
67.000000 22 1 -20.000000 20.000000 -8.000000 8.000000 10000.000000 2 2 1 
67.500000 22 1 -20.000000 20.000000 -8.000000 8.000000 10000.000000 2 2 1 
68.000000 22 1 -20.000000 20.000000 -8.000000 8.000000 10000.000000 2 2 1 
68.500000 22 1 -20.000000 20.000000 -8.000000 8.000000 10000.000000 2 2 1 
69.000000 22 1 -20.000000 20.000000 -8.000000 8.000000 10000.000000 2 2 1 
69.500000 22 1 -20.000000 20.000000 -8.000000 8.000000 10000.000000 2 2 1 
70.000000 22 1 -20.000000 20.000000 -8.000000 8.000000 10000.000000 2 2 1 
70.500000 22 1 -20.000000 20.000000 -8.000000 8.000000 10000.000000 2 2 1 
71.000000 22 1 -20.000000 20.000000 -8.000000 8.000000 10000.000000 2 2 1 
71.500000 22 1 -20.000000 20.000000 -8.000000 8.000000 10000.000000 2 2 1 
72.000000 22 1 -20.000000 20.000000 -8.000000 8.000000 10000.000000 2 2 1 
72.500000 22 1 -20.000000 20.000000 -8.000000 8.000000 10000.000000 2 2 1 
73.000000 22 1 -20.000000 20.000000 -8.000000 8.000000 10000.000000 2 2 1 
73.500000 22 1 -20.000000 20.000000 -8.000000 8.000000 10000.000000 2 2 1 
74.000000 22 1 -20.000000 20.000000 -8.000000 8.000000 10000.000000 2 2 1 
74.500000 22 1 -20.000000 20.000000 -8.000000 8.000000 10000.000000 2 2 1 
75.000000 22 1 -20.000000 20.000000 -8.000000 8.000000 10000.000000 2 2 1 
75.500000 22 1 -20.000000 20.000000 -8.000000 8.000000 10000.000000 2 2 1 
76.000000 22 1 -20.000000 20.000000 -8.000000 8.000000 10000.000000 2 2 1 
76.500000 22 1 -20.000000 20.000000 -8.000000 8.000000 10000.000000 2 2 1 
77.000000 22 1 -20.000000 20.000000 -8.000000 8.000000 10000.000000 2 2 1 
77.500000 22 1 -20.000000 20.000000 -8.000000 8.000000 10000.000000 2 2 1 
78.000000 22 1 -20.000000 20.000000 -8.000000 8.000000 10000.000000 2 2 1 
78.500000 22 1 -20.000000 20.000000 -8.000000 8.000000 10000.000000 2 2 1 
79.000000 22 1 -20.000000 20.000000 -8.000000 8.000000 10000.000000 2 2 1 
79.500000 22 1 -20.000000 20.000000 -8.000000 8.000000 10000.000000 2 2 1 
80.000000 22 1 -20.000000 20.000000 -8.000000 8.000000 10000.000000 2 2 1 
80.500000 22 1 -20.000000 20.000000 -8.000000 8.000000 10000.000000 2 2 1 
81.000000 22 1 -20.000000 20.000000 -8.000000 8.000000 10000.000000 2 2 1 
81.500000 22 1 -20.000000 20.000000 -8.000000 8.000000 10000.000000 2 2 1 
82.000000 22 1 -20.000000 20.000000 -8.000000 8.000000 10000.000000 2 2 1 
82.500000 22 1 -20.000000 20.000000 -8.000000 8.000000 10000.000000 2 2 1 
83.000000 22 1 -20.000000 20.000000 -8.000000 8.000000 10000.000000 2 2 1 
83.500000 22 1 -20.000000 20.000000 -8.000000 8.000000 10000.000000 2 2 1 
84.000000 22 1 -20.000000 20.000000 -8.000000 8.000000 10000.000000 2 2 1 
84.500000 22 1 -20.000000 20.000000 -8.000000 8.000000 10000.000000 2 2 1 
85.000000 22 1 -20.000000 20.000000 -8.000000 8.000000 10000.000000 2 2 1 
85.500000 22 1 -20.000000 20.000000 -8.000000 8.000000 10000.000000 2 2 1 
86.000000 22 1 -20.000000 20.000000 -8.000000 8.000000 10000.000000 2 2 1 
86.500000 22 1 -20.000000 20.000000 -8.000000 8.000000 10000.000000 2 2 1 
87.000000 22 1 -20.000000 20.000000 -8.000000 8.000000 10000.000000 2 2 1 
87.500000 22 1 -20.000000 20.000000 -8.000000 8.000000 10000.000000 2 2 1 
88.000000 22 1 -20.000000 20.000000 -8.000000 8.000000 10000.000000 2 2 1 
88.500000 22 1 -20.000000 20.000000 -8.000000 8.000000 10000.000000 2 2 1 
89.000000 22 1 -20.000000 20.000000 -8.000000 8.000000 10000.000000 2 2 1 
89.500000 22 1 -20.000000 20.000000 -8.000000 8.000000 10000.000000 2 2 1 
90.000000 22 1 -20.000000 20.000000 -8.000000 8.000000 10000.000000 2 2 1 
90.500000 22 1 -20.000000 20.000000 -8.000000 8.000000 10000.000000 2 2 1 
91.000000 22 1 -20.000000 20.000000 -8.000000 8.000000 10000.000000 2 2 1 
91.500000 22 1 -20.000000 20.000000 -8.000000 8.000000 10000.000000 2 2 1 
92.000000 22 1 -20.000000 20.000000 -8.000000 8.000000 10000.000000 2 2 1 
92.500000 22 1 -20.000000 20.000000 -8.000000 8.000000 10000.000000 2 2 1 
93.000000 22 1 -20.000000 20.000000 -8.000000 8.000000 10000.000000 2 2 1 
93.500000 22 1 -20.000000 20.000000 -8.000000 8.000000 10000.000000 2 2 1 
94.000000 22 1 -20.000000 20.000000 -8.000000 8.000000 10000.000000 2 2 1 
94.500000 22 1 -20.000000 20.000000 -8.000000 8.000000 10000.000000 2 2 1 
95.000000 22 1 -20.000000 20.000000 -8.000000 8.000000 10000.000000 2 2 1 
95.500000 22 1 -20.000000 20.000000 -8.000000 8.000000 10000.000000 2 2 1 
96.000000 22 1 -20.000000 20.000000 -8.000000 8.000000 10000.000000 2 2 1 
96.500000 22 1 -20.000000 20.000000 -8.000000 8.000000 10000.000000 2 2 1 
97.000000 22 1 -20.000000 20.000000 -8.000000 8.000000 10000.000000 2 2 1 
97.500000 22 1 -20.000000 20.000000 -8.000000 8.000000 10000.000000 2 2 1 
98.000000 22 1 -20.000000 20.000000 -8.000000 8.000000 10000.000000 2 2 1 
98.500000 22 1 -20.000000 20.000000 -8.000000 8.000000 10000.000000 2 2 1 
99.000000 22 1 -20.000000 20.000000 -8.000000 8.000000 10000.000000 2 2 1 
99.500000 22 1 -20.000000 20.000000 -8.000000 8.000000 10000.000000 2 2 1 
100.000000 22 1 -20.000000 20.000000 -8.000000 8.000000 10000.000000 1 2 1 1 2.000000 2.000000 10.000000 0.000000 1.000000 
100.500000 22 1 -20.000000 20.000000 -8.000000 8.000000 10000.000000 1 2 1 1 2.000000 2.000000 0.000000 0.000000 2.000000 
101.000000 22 1 -20.000000 20.000000 -8.000000 8.000000 10000.000000 2 2 1 
101.500000 22 1 -20.000000 20.000000 -8.000000 8.000000 10000.000000 2 2 1 
102.000000 22 1 -20.000000 20.000000 -8.000000 8.000000 10000.000000 2 2 1 
102.500000 22 1 -20.000000 20.000000 -8.000000 8.000000 10000.000000 2 2 1 
103.000000 22 1 -20.000000 20.000000 -8.000000 8.000000 10000.000000 2 2 1 
103.500000 22 1 -20.000000 20.000000 -8.000000 8.000000 10000.000000 2 2 1 
104.000000 22 1 -20.000000 20.000000 -8.000000 8.000000 10000.000000 2 2 1 
104.500000 22 1 -20.000000 20.000000 -8.000000 8.000000 10000.000000 2 2 1 
105.000000 22 1 -20.000000 20.000000 -8.000000 8.000000 10000.000000 2 2 1 
105.500000 22 1 -20.000000 20.000000 -8.000000 8.000000 10000.000000 2 2 1 
106.000000 22 1 -20.000000 20.000000 -8.000000 8.000000 10000.000000 2 2 1 
106.500000 22 1 -20.000000 20.000000 -8.000000 8.000000 10000.000000 2 2 1 
107.000000 22 1 -20.000000 20.000000 -8.000000 8.000000 10000.000000 2 2 1 
107.500000 22 1 -20.000000 20.000000 -8.000000 8.000000 10000.000000 2 2 1 
108.000000 22 1 -20.000000 20.000000 -8.000000 8.000000 10000.000000 2 2 1 
108.500000 22 1 -20.000000 20.000000 -8.000000 8.000000 10000.000000 2 2 1 
109.000000 22 1 -20.000000 20.000000 -8.000000 8.000000 10000.000000 2 2 1 
109.500000 22 1 -20.000000 20.000000 -8.000000 8.000000 10000.000000 2 2 1 
110.000000 22 1 -20.000000 20.000000 -8.000000 8.000000 10000.000000 2 2 1 
110.500000 22 1 -20.000000 20.000000 -8.000000 8.000000 10000.000000 2 2 1 
111.000000 22 1 -20.000000 20.000000 -8.000000 8.000000 10000.000000 2 2 1 
111.500000 22 1 -20.000000 20.000000 -8.000000 8.000000 10000.000000 2 2 1 
112.000000 22 1 -20.000000 20.000000 -8.000000 8.000000 10000.000000 2 2 1 
112.500000 22 1 -20.000000 20.000000 -8.000000 8.000000 10000.000000 2 2 1 
113.000000 22 1 -20.000000 20.000000 -8.000000 8.000000 10000.000000 2 2 1 
113.500000 22 1 -20.000000 20.000000 -8.000000 8.000000 10000.000000 2 2 1 
114.000000 22 1 -20.000000 20.000000 -8.000000 8.000000 10000.000000 2 2 1 
114.500000 22 1 -20.000000 20.000000 -8.000000 8.000000 10000.000000 2 2 1 
115.000000 22 1 -20.000000 20.000000 -8.000000 8.000000 10000.000000 2 2 1 
115.500000 22 1 -20.000000 20.000000 -8.000000 8.000000 10000.000000 2 2 1 
116.000000 22 1 -20.000000 20.000000 -8.000000 8.000000 10000.000000 2 2 1 
116.500000 22 1 -20.000000 20.000000 -8.000000 8.000000 10000.000000 2 2 1 
117.000000 22 1 -20.000000 20.000000 -8.000000 8.000000 10000.000000 2 2 1 
117.500000 22 1 -20.000000 20.000000 -8.000000 8.000000 10000.000000 2 2 1 
118.000000 22 1 -20.000000 20.000000 -8.000000 8.000000 10000.000000 2 2 1 
118.500000 22 1 -20.000000 20.000000 -8.000000 8.000000 10000.000000 2 2 1 
119.000000 22 1 -20.000000 20.000000 -8.000000 8.000000 10000.000000 2 2 1 
119.500000 22 1 -20.000000 20.000000 -8.000000 8.000000 10000.000000 2 2 1 
120.000000 22 1 -20.000000 20.000000 -8.000000 8.000000 10000.000000 2 2 1 
120.500000 22 1 -20.000000 20.000000 -8.000000 8.000000 10000.000000 2 2 1 
121.000000 22 1 -20.000000 20.000000 -8.000000 8.000000 10000.000000 2 2 1 
121.500000 22 1 -20.000000 20.000000 -8.000000 8.000000 10000.000000 2 2 1 
122.000000 22 1 -20.000000 20.000000 -8.000000 8.000000 10000.000000 2 2 1 
122.500000 22 1 -20.000000 20.000000 -8.000000 8.000000 10000.000000 2 2 1 
123.000000 22 1 -20.000000 20.000000 -8.000000 8.000000 10000.000000 2 2 1 
123.500000 22 1 -20.000000 20.000000 -8.000000 8.000000 10000.000000 2 2 1 
124.000000 22 1 -20.000000 20.000000 -8.000000 8.000000 10000.000000 2 2 1 
124.500000 22 1 -20.000000 20.000000 -8.000000 8.000000 10000.000000 2 2 1 
125.000000 22 1 -20.000000 20.000000 -8.000000 8.000000 10000.000000 2 2 1 
125.500000 22 1 -20.000000 20.000000 -8.000000 8.000000 10000.000000 2 2 1 
126.000000 22 1 -20.000000 20.000000 -8.000000 8.000000 10000.000000 2 2 1 
126.500000 22 1 -20.000000 20.000000 -8.000000 8.000000 10000.000000 2 2 1 
127.000000 22 1 -20.000000 20.000000 -8.000000 8.000000 10000.000000 2 2 1 
127.500000 22 1 -20.000000 20.000000 -8.000000 8.000000 10000.000000 2 2 1 
128.000000 22 1 -20.000000 20.000000 -8.000000 8.000000 10000.000000 2 2 1 
128.500000 22 1 -20.000000 20.000000 -8.000000 8.000000 10000.000000 2 2 1 
129.000000 22 1 -20.000000 20.000000 -8.000000 8.000000 10000.000000 2 2 1 
129.500000 22 1 -20.000000 20.000000 -8.000000 8.000000 10000.000000 2 2 1 
130.000000 22 1 -20.000000 20.000000 -8.000000 8.000000 10000.000000 2 2 1 
130.500000 22 1 -20.000000 20.000000 -8.000000 8.000000 10000.000000 2 2 1 
131.000000 22 1 -20.000000 20.000000 -8.000000 8.000000 10000.000000 2 2 1 
131.500000 22 1 -20.000000 20.000000 -8.000000 8.000000 10000.000000 2 2 1 
132.000000 22 1 -20.000000 20.000000 -8.000000 8.000000 10000.000000 2 2 1 
132.500000 22 1 -20.000000 20.000000 -8.000000 8.000000 10000.000000 2 2 1 
133.000000 22 1 -20.000000 20.000000 -8.000000 8.000000 10000.000000 2 2 1 
133.500000 22 1 -20.000000 20.000000 -8.000000 8.000000 10000.000000 2 2 1 
134.000000 22 1 -20.000000 20.000000 -8.000000 8.000000 10000.000000 2 2 1 
134.500000 22 1 -20.000000 20.000000 -8.000000 8.000000 10000.000000 2 2 1 
135.000000 22 1 -20.000000 20.000000 -8.000000 8.000000 10000.000000 2 2 1 
135.500000 22 1 -20.000000 20.000000 -8.000000 8.000000 10000.000000 2 2 1 
136.000000 22 1 -20.000000 20.000000 -8.000000 8.000000 10000.000000 2 2 1 
136.500000 22 1 -20.000000 20.000000 -8.000000 8.000000 10000.000000 2 2 1 
137.000000 22 1 -20.000000 20.000000 -8.000000 8.000000 10000.000000 2 2 1 
137.500000 22 1 -20.000000 20.000000 -8.000000 8.000000 10000.000000 2 2 1 
138.000000 22 1 -20.000000 20.000000 -8.000000 8.000000 10000.000000 2 2 1 
138.500000 22 1 -20.000000 20.000000 -8.000000 8.000000 10000.000000 2 2 1 
139.000000 22 1 -20.000000 20.000000 -8.000000 8.000000 10000.000000 2 2 1 
139.500000 22 1 -20.000000 20.000000 -8.000000 8.000000 10000.000000 2 2 1 
140.000000 22 1 -20.000000 20.000000 -8.000000 8.000000 10000.000000 2 2 1 
140.500000 22 1 -20.000000 20.000000 -8.000000 8.000000 10000.000000 2 2 1 
141.000000 22 1 -20.000000 20.000000 -8.000000 8.000000 10000.000000 2 2 1 
141.500000 22 1 -20.000000 20.000000 -8.000000 8.000000 10000.000000 2 2 1 
142.000000 22 1 -20.000000 20.000000 -8.000000 8.000000 10000.000000 2 2 1 
142.500000 22 1 -20.000000 20.000000 -8.000000 8.000000 10000.000000 2 2 1 
143.000000 22 1 -20.000000 20.000000 -8.000000 8.000000 10000.000000 2 2 1 
143.500000 22 1 -20.000000 20.000000 -8.000000 8.000000 10000.000000 2 2 1 
144.000000 22 1 -20.000000 20.000000 -8.000000 8.000000 10000.000000 2 2 1 
144.500000 22 1 -20.000000 20.000000 -8.000000 8.000000 10000.000000 2 2 1 
145.000000 22 1 -20.000000 20.000000 -8.000000 8.000000 10000.000000 2 2 1 
145.500000 22 1 -20.000000 20.000000 -8.000000 8.000000 10000.000000 2 2 1 
146.000000 22 1 -20.000000 20.000000 -8.000000 8.000000 10000.000000 2 2 1 
146.500000 22 1 -20.000000 20.000000 -8.000000 8.000000 10000.000000 2 2 1 
147.000000 22 1 -20.000000 20.000000 -8.000000 8.000000 10000.000000 2 2 1 
147.500000 22 1 -20.000000 20.000000 -8.000000 8.000000 10000.000000 2 2 1 
148.000000 22 1 -20.000000 20.000000 -8.000000 8.000000 10000.000000 2 2 1 
148.500000 22 1 -20.000000 20.000000 -8.000000 8.000000 10000.000000 2 2 1 
149.000000 22 1 -20.000000 20.000000 -8.000000 8.000000 10000.000000 2 2 1 
149.500000 22 1 -20.000000 20.000000 -8.000000 8.000000 10000.000000 2 2 1 
150.000000 22 1 -20.000000 20.000000 -8.000000 8.000000 10000.000000 2 2 1 
150.500000 22 1 -20.000000 20.000000 -8.000000 8.000000 10000.000000 2 2 1 
151.000000 22 1 -20.000000 20.000000 -8.000000 8.000000 10000.000000 2 2 1 
151.500000 22 1 -20.000000 20.000000 -8.000000 8.000000 10000.000000 2 2 1 
152.000000 22 1 -20.000000 20.000000 -8.000000 8.000000 10000.000000 2 2 1 
152.500000 22 1 -20.000000 20.000000 -8.000000 8.000000 10000.000000 2 2 1 
153.000000 22 1 -20.000000 20.000000 -8.000000 8.000000 10000.000000 2 2 1 
153.500000 22 1 -20.000000 20.000000 -8.000000 8.000000 10000.000000 2 2 1 
154.000000 22 1 -20.000000 20.000000 -8.000000 8.000000 10000.000000 1 2 1 1 2.000000 2.000000 -10.000000 0.000000 2.000000 
