0.000000 23 1 -40.000000 40.000000 -10.000000 10.000000 10000.000000 1 2 1 1 2.000000 2.000000 20.000000 0.000000 1.000000 
0.500000 23 1 -40.000000 40.000000 -10.000000 10.000000 10000.000000 1 2 1 1 2.000000 2.000000 0.000000 0.000000 2.000000 
1.000000 23 1 -40.000000 40.000000 -10.000000 10.000000 10000.000000 1 2 1 1 2.000000 2.000000 -20.000000 0.000000 2.000000 
1.500000 23 1 -40.000000 40.000000 -10.000000 10.000000 10000.000000 1 2 1 1 2.000000 2.000000 0.000000 0.000000 1.000000 
2.000000 23 1 -40.000000 40.000000 -10.000000 10.000000 10000.000000 1 2 1 1 2.000000 2.000000 20.000000 0.000000 1.000000 
2.500000 23 1 -40.000000 40.000000 -10.000000 10.000000 10000.000000 1 2 1 1 2.000000 2.000000 0.000000 0.000000 2.000000 
3.000000 23 1 -40.000000 40.000000 -10.000000 10.000000 10000.000000 1 2 1 1 2.000000 2.000000 -20.000000 0.000000 2.000000 
3.500000 23 1 -40.000000 40.000000 -10.000000 10.000000 10000.000000 1 2 1 1 2.000000 2.000000 0.000000 0.000000 1.000000 
4.000000 23 1 -40.000000 40.000000 -10.000000 10.000000 10000.000000 1 2 1 1 2.000000 2.000000 20.000000 0.000000 1.000000 
4.500000 23 1 -40.000000 40.000000 -10.000000 10.000000 10000.000000 1 2 1 1 2.000000 2.000000 0.000000 0.000000 2.000000 
5.000000 23 1 -40.000000 40.000000 -10.000000 10.000000 10000.000000 1 2 1 1 2.000000 2.000000 -20.000000 0.000000 2.000000 
5.500000 23 1 -40.000000 40.000000 -10.000000 10.000000 10000.000000 1 2 1 1 2.000000 2.000000 0.000000 0.000000 1.000000 
6.000000 23 1 -40.000000 40.000000 -10.000000 10.000000 10000.000000 1 2 1 1 2.000000 2.000000 20.000000 0.000000 1.000000 
6.500000 23 1 -40.000000 40.000000 -10.000000 10.000000 10000.000000 1 2 1 1 2.000000 2.000000 0.000000 0.000000 2.000000 
7.000000 23 1 -40.000000 40.000000 -10.000000 10.000000 10000.000000 1 2 1 1 2.000000 2.000000 -20.000000 0.000000 2.000000 
7.500000 23 1 -40.000000 40.000000 -10.000000 10.000000 10000.000000 1 2 1 1 2.000000 2.000000 0.000000 0.000000 1.000000 
8.000000 23 1 -40.000000 40.000000 -10.000000 10.000000 10000.000000 1 2 1 1 2.000000 2.000000 20.000000 0.000000 1.000000 
8.500000 23 1 -40.000000 40.000000 -10.000000 10.000000 10000.000000 1 2 1 1 2.000000 2.000000 0.000000 0.000000 2.000000 
9.000000 23 1 -40.000000 40.000000 -10.000000 10.000000 10000.000000 1 2 1 1 2.000000 2.000000 -20.000000 0.000000 2.000000 
9.500000 23 1 -40.000000 40.000000 -10.000000 10.000000 10000.000000 1 2 1 1 2.000000 2.000000 0.000000 0.000000 1.000000 
10.000000 23 1 -40.000000 40.000000 -10.000000 10.000000 10000.000000 1 2 1 1 2.000000 2.000000 20.000000 0.000000 1.000000 
10.500000 23 1 -40.000000 40.000000 -10.000000 10.000000 10000.000000 1 2 1 1 2.000000 2.000000 0.000000 0.000000 2.000000 
11.000000 23 1 -40.000000 40.000000 -10.000000 10.000000 10000.000000 1 2 1 1 2.000000 2.000000 -20.000000 0.000000 2.000000 
11.500000 23 1 -40.000000 40.000000 -10.000000 10.000000 10000.000000 1 2 1 1 2.000000 2.000000 0.000000 0.000000 1.000000 
12.000000 23 1 -40.000000 40.000000 -10.000000 10.000000 10000.000000 1 2 1 1 2.000000 2.000000 20.000000 0.000000 1.000000 
12.500000 23 1 -40.000000 40.000000 -10.000000 10.000000 10000.000000 1 2 1 1 2.000000 2.000000 0.000000 0.000000 2.000000 
13.000000 23 1 -40.000000 40.000000 -10.000000 10.000000 10000.000000 1 2 1 1 2.000000 2.000000 -20.000000 0.000000 2.000000 
13.500000 23 1 -40.000000 40.000000 -10.000000 10.000000 10000.000000 1 2 1 1 2.000000 2.000000 0.000000 0.000000 1.000000 
14.000000 23 1 -40.000000 40.000000 -10.000000 10.000000 10000.000000 1 2 1 1 2.000000 2.000000 20.000000 0.000000 1.000000 
14.500000 23 1 -40.000000 40.000000 -10.000000 10.000000 10000.000000 1 2 1 1 2.000000 2.000000 0.000000 0.000000 2.000000 
15.000000 23 1 -40.000000 40.000000 -10.000000 10.000000 10000.000000 1 2 1 1 2.000000 2.000000 -20.000000 0.000000 2.000000 
15.500000 23 1 -40.000000 40.000000 -10.000000 10.000000 10000.000000 1 2 1 1 2.000000 2.000000 0.000000 0.000000 1.000000 
16.000000 23 1 -40.000000 40.000000 -10.000000 10.000000 10000.000000 1 2 1 1 2.000000 2.000000 20.000000 0.000000 1.000000 
16.500000 23 1 -40.000000 40.000000 -10.000000 10.000000 10000.000000 1 2 1 1 2.000000 2.000000 0.000000 0.000000 2.000000 
17.000000 23 1 -40.000000 40.000000 -10.000000 10.000000 10000.000000 1 2 1 1 2.000000 2.000000 -20.000000 0.000000 2.000000 
17.500000 23 1 -40.000000 40.000000 -10.000000 10.000000 10000.000000 1 2 1 1 2.000000 2.000000 0.000000 0.000000 1.000000 
18.000000 23 1 -40.000000 40.000000 -10.000000 10.000000 10000.000000 1 2 1 1 2.000000 2.000000 20.000000 0.000000 1.000000 
18.500000 23 1 -40.000000 40.000000 -10.000000 10.000000 10000.000000 1 2 1 1 2.000000 2.000000 0.000000 0.000000 2.000000 
19.000000 23 1 -40.000000 40.000000 -10.000000 10.000000 10000.000000 1 2 1 1 2.000000 2.000000 -20.000000 0.000000 2.000000 
19.500000 23 1 -40.000000 40.000000 -10.000000 10.000000 10000.000000 1 2 1 1 2.000000 2.000000 0.000000 0.000000 1.000000 
20.000000 23 1 -40.000000 40.000000 -10.000000 10.000000 10000.000000 1 2 1 1 2.000000 2.000000 20.000000 0.000000 1.000000 
20.500000 23 1 -40.000000 40.000000 -10.000000 10.000000 10000.000000 1 2 1 1 2.000000 2.000000 0.000000 0.000000 2.000000 
21.000000 23 1 -40.000000 40.000000 -10.000000 10.000000 10000.000000 1 2 1 1 2.000000 2.000000 -20.000000 0.000000 2.000000 
21.500000 23 1 -40.000000 40.000000 -10.000000 10.000000 10000.000000 1 2 1 1 2.000000 2.000000 0.000000 0.000000 1.000000 
22.000000 23 1 -40.000000 40.000000 -10.000000 10.000000 10000.000000 1 2 1 1 2.000000 2.000000 20.000000 0.000000 1.000000 
22.500000 23 1 -40.000000 40.000000 -10.000000 10.000000 10000.000000 1 2 1 1 2.000000 2.000000 0.000000 0.000000 2.000000 
23.000000 23 1 -40.000000 40.000000 -10.000000 10.000000 10000.000000 1 2 1 1 2.000000 2.000000 -20.000000 0.000000 2.000000 
23.500000 23 1 -40.000000 40.000000 -10.000000 10.000000 10000.000000 1 2 1 1 2.000000 2.000000 0.000000 0.000000 1.000000 
24.000000 23 1 -40.000000 40.000000 -10.000000 10.000000 10000.000000 1 2 1 1 2.000000 2.000000 20.000000 0.000000 1.000000 
24.500000 23 1 -40.000000 40.000000 -10.000000 10.000000 10000.000000 1 2 1 1 2.000000 2.000000 0.000000 0.000000 2.000000 
25.000000 23 1 -40.000000 40.000000 -10.000000 10.000000 10000.000000 1 2 1 1 2.000000 2.000000 -20.000000 0.000000 2.000000 
25.500000 23 1 -40.000000 40.000000 -10.000000 10.000000 10000.000000 1 2 1 1 2.000000 2.000000 0.000000 0.000000 1.000000 
26.000000 23 1 -40.000000 40.000000 -10.000000 10.000000 10000.000000 1 2 1 1 2.000000 2.000000 20.000000 0.000000 1.000000 
26.500000 23 1 -40.000000 40.000000 -10.000000 10.000000 10000.000000 1 2 1 1 2.000000 2.000000 0.000000 0.000000 2.000000 
27.000000 23 1 -40.000000 40.000000 -10.000000 10.000000 10000.000000 1 2 1 1 2.000000 2.000000 -20.000000 0.000000 2.000000 
27.500000 23 1 -40.000000 40.000000 -10.000000 10.000000 10000.000000 1 2 1 1 2.000000 2.000000 0.000000 0.000000 1.000000 
28.000000 23 1 -40.000000 40.000000 -10.000000 10.000000 10000.000000 1 2 1 1 2.000000 2.000000 20.000000 0.000000 1.000000 
28.500000 23 1 -40.000000 40.000000 -10.000000 10.000000 10000.000000 1 2 1 1 2.000000 2.000000 0.000000 0.000000 2.000000 
29.000000 23 1 -40.000000 40.000000 -10.000000 10.000000 10000.000000 1 2 1 1 2.000000 2.000000 -20.000000 0.000000 2.000000 
29.500000 23 1 -40.000000 40.000000 -10.000000 10.000000 10000.000000 1 2 1 1 2.000000 2.000000 0.000000 0.000000 1.000000 
30.000000 23 1 -40.000000 40.000000 -10.000000 10.000000 10000.000000 1 2 1 1 2.000000 2.000000 20.000000 0.000000 1.000000 
30.500000 23 1 -40.000000 40.000000 -10.000000 10.000000 10000.000000 1 2 1 1 2.000000 2.000000 0.000000 0.000000 2.000000 
31.000000 23 1 -40.000000 40.000000 -10.000000 10.000000 10000.000000 1 2 1 1 2.000000 2.000000 -20.000000 0.000000 2.000000 
31.500000 23 1 -40.000000 40.000000 -10.000000 10.000000 10000.000000 1 2 1 1 2.000000 2.000000 0.000000 0.000000 1.000000 
32.000000 23 1 -40.000000 40.000000 -10.000000 10.000000 10000.000000 1 2 1 1 2.000000 2.000000 20.000000 0.000000 1.000000 
32.500000 23 1 -40.000000 40.000000 -10.000000 10.000000 10000.000000 1 2 1 1 2.000000 2.000000 0.000000 0.000000 2.000000 
33.000000 23 1 -40.000000 40.000000 -10.000000 10.000000 10000.000000 1 2 1 1 2.000000 2.000000 -20.000000 0.000000 2.000000 
33.500000 23 1 -40.000000 40.000000 -10.000000 10.000000 10000.000000 1 2 1 1 2.000000 2.000000 0.000000 0.000000 1.000000 
34.000000 23 1 -40.000000 40.000000 -10.000000 10.000000 10000.000000 1 2 1 1 2.000000 2.000000 20.000000 0.000000 1.000000 
34.500000 23 1 -40.000000 40.000000 -10.000000 10.000000 10000.000000 1 2 1 1 2.000000 2.000000 0.000000 0.000000 2.000000 
35.000000 23 1 -40.000000 40.000000 -10.000000 10.000000 10000.000000 1 2 1 1 2.000000 2.000000 -20.000000 0.000000 2.000000 
35.500000 23 1 -40.000000 40.000000 -10.000000 10.000000 10000.000000 1 2 1 1 2.000000 2.000000 0.000000 0.000000 1.000000 
36.000000 23 1 -40.000000 40.000000 -10.000000 10.000000 10000.000000 1 2 1 1 2.000000 2.000000 20.000000 0.000000 1.000000 
36.500000 23 1 -40.000000 40.000000 -10.000000 10.000000 10000.000000 1 2 1 1 2.000000 2.000000 0.000000 0.000000 2.000000 
37.000000 23 1 -40.000000 40.000000 -10.000000 10.000000 10000.000000 1 2 1 1 2.000000 2.000000 -20.000000 0.000000 2.000000 
37.500000 23 1 -40.000000 40.000000 -10.000000 10.000000 10000.000000 1 2 1 1 2.000000 2.000000 0.000000 0.000000 1.000000 
38.000000 23 1 -40.000000 40.000000 -10.000000 10.000000 10000.000000 1 2 1 1 2.000000 2.000000 20.000000 0.000000 1.000000 
38.500000 23 1 -40.000000 40.000000 -10.000000 10.000000 10000.000000 1 2 1 1 2.000000 2.000000 0.000000 0.000000 2.000000 
39.000000 23 1 -40.000000 40.000000 -10.000000 10.000000 10000.000000 1 2 1 1 2.000000 2.000000 -20.000000 0.000000 2.000000 
39.500000 23 1 -40.000000 40.000000 -10.000000 10.000000 10000.000000 1 2 1 1 2.000000 2.000000 0.000000 0.000000 1.000000 
40.000000 23 1 -40.000000 40.000000 -10.000000 10.000000 10000.000000 1 2 1 1 2.000000 2.000000 20.000000 0.000000 1.000000 
40.500000 23 1 -40.000000 40.000000 -10.000000 10.000000 10000.000000 1 2 1 1 2.000000 2.000000 0.000000 0.000000 2.000000 
41.000000 23 1 -40.000000 40.000000 -10.000000 10.000000 10000.000000 1 2 1 1 2.000000 2.000000 -20.000000 0.000000 2.000000 
41.500000 23 1 -40.000000 40.000000 -10.000000 10.000000 10000.000000 1 2 1 1 2.000000 2.000000 0.000000 0.000000 1.000000 
42.000000 23 1 -40.000000 40.000000 -10.000000 10.000000 10000.000000 1 2 1 1 2.000000 2.000000 20.000000 0.000000 1.000000 
42.500000 23 1 -40.000000 40.000000 -10.000000 10.000000 10000.000000 1 2 1 1 2.000000 2.000000 0.000000 0.000000 2.000000 
43.000000 23 1 -40.000000 40.000000 -10.000000 10.000000 10000.000000 1 2 1 1 2.000000 2.000000 -20.000000 0.000000 2.000000 
43.500000 23 1 -40.000000 40.000000 -10.000000 10.000000 10000.000000 1 2 1 1 2.000000 2.000000 0.000000 0.000000 1.000000 
44.000000 23 1 -40.000000 40.000000 -10.000000 10.000000 10000.000000 1 2 1 1 2.000000 2.000000 20.000000 0.000000 1.000000 
44.500000 23 1 -40.000000 40.000000 -10.000000 10.000000 10000.000000 1 2 1 1 2.000000 2.000000 0.000000 0.000000 2.000000 
45.000000 23 1 -40.000000 40.000000 -10.000000 10.000000 10000.000000 1 2 1 1 2.000000 2.000000 -20.000000 0.000000 2.000000 
45.500000 23 1 -40.000000 40.000000 -10.000000 10.000000 10000.000000 1 2 1 1 2.000000 2.000000 0.000000 0.000000 1.000000 
46.000000 23 1 -40.000000 40.000000 -10.000000 10.000000 10000.000000 1 2 1 1 2.000000 2.000000 20.000000 0.000000 1.000000 
46.500000 23 1 -40.000000 40.000000 -10.000000 10.000000 10000.000000 1 2 1 1 2.000000 2.000000 0.000000 0.000000 2.000000 
47.000000 23 1 -40.000000 40.000000 -10.000000 10.000000 10000.000000 1 2 1 1 2.000000 2.000000 -20.000000 0.000000 2.000000 
47.500000 23 1 -40.000000 40.000000 -10.000000 10.000000 10000.000000 1 2 1 1 2.000000 2.000000 0.000000 0.000000 1.000000 
48.000000 23 1 -40.000000 40.000000 -10.000000 10.000000 10000.000000 1 2 1 1 2.000000 2.000000 20.000000 0.000000 1.000000 
48.500000 23 1 -40.000000 40.000000 -10.000000 10.000000 10000.000000 1 2 1 1 2.000000 2.000000 0.000000 0.000000 2.000000 
49.000000 23 1 -40.000000 40.000000 -10.000000 10.000000 10000.000000 1 2 1 1 2.000000 2.000000 -20.000000 0.000000 2.000000 
49.500000 23 1 -40.000000 40.000000 -10.000000 10.000000 10000.000000 1 2 1 1 2.000000 2.000000 0.000000 0.000000 1.000000 
50.000000 23 1 -40.000000 40.000000 -10.000000 10.000000 10000.000000 1 2 1 1 2.000000 2.000000 20.000000 0.000000 1.000000 
50.500000 23 1 -40.000000 40.000000 -10.000000 10.000000 10000.000000 1 2 1 1 2.000000 2.000000 0.000000 0.000000 2.000000 
51.000000 23 1 -40.000000 40.000000 -10.000000 10.000000 10000.000000 1 2 1 1 2.000000 2.000000 -20.000000 0.000000 2.000000 
51.500000 23 1 -40.000000 40.000000 -10.000000 10.000000 10000.000000 1 2 1 1 2.000000 2.000000 0.000000 0.000000 1.000000 
52.000000 23 1 -40.000000 40.000000 -10.000000 10.000000 10000.000000 1 2 1 1 2.000000 2.000000 20.000000 0.000000 1.000000 
52.500000 23 1 -40.000000 40.000000 -10.000000 10.000000 10000.000000 1 2 1 1 2.000000 2.000000 0.000000 0.000000 2.000000 
53.000000 23 1 -40.000000 40.000000 -10.000000 10.000000 10000.000000 1 2 1 1 2.000000 2.000000 -20.000000 0.000000 2.000000 
53.500000 23 1 -40.000000 40.000000 -10.000000 10.000000 10000.000000 1 2 1 1 2.000000 2.000000 0.000000 0.000000 1.000000 
54.000000 23 1 -40.000000 40.000000 -10.000000 10.000000 10000.000000 1 2 1 1 2.000000 2.000000 20.000000 0.000000 1.000000 
54.500000 23 1 -40.000000 40.000000 -10.000000 10.000000 10000.000000 1 2 1 1 2.000000 2.000000 0.000000 0.000000 2.000000 
55.000000 23 1 -40.000000 40.000000 -10.000000 10.000000 10000.000000 1 2 1 1 2.000000 2.000000 -20.000000 0.000000 2.000000 
55.500000 23 1 -40.000000 40.000000 -10.000000 10.000000 10000.000000 1 2 1 1 2.000000 2.000000 0.000000 0.000000 1.000000 
56.000000 23 1 -40.000000 40.000000 -10.000000 10.000000 10000.000000 1 2 1 1 2.000000 2.000000 20.000000 0.000000 1.000000 
56.500000 23 1 -40.000000 40.000000 -10.000000 10.000000 10000.000000 1 2 1 1 2.000000 2.000000 0.000000 0.000000 2.000000 
57.000000 23 1 -40.000000 40.000000 -10.000000 10.000000 10000.000000 1 2 1 1 2.000000 2.000000 -20.000000 0.000000 2.000000 
57.500000 23 1 -40.000000 40.000000 -10.000000 10.000000 10000.000000 1 2 1 1 2.000000 2.000000 0.000000 0.000000 1.000000 
58.000000 23 1 -40.000000 40.000000 -10.000000 10.000000 10000.000000 1 2 1 1 2.000000 2.000000 20.000000 0.000000 1.000000 
58.500000 23 1 -40.000000 40.000000 -10.000000 10.000000 10000.000000 1 2 1 1 2.000000 2.000000 0.000000 0.000000 2.000000 
59.000000 23 1 -40.000000 40.000000 -10.000000 10.000000 10000.000000 1 2 1 1 2.000000 2.000000 -20.000000 0.000000 2.000000 
59.500000 23 1 -40.000000 40.000000 -10.000000 10.000000 10000.000000 1 2 1 1 2.000000 2.000000 0.000000 0.000000 1.000000 
60.000000 23 1 -40.000000 40.000000 -10.000000 10.000000 10000.000000 1 2 1 1 2.000000 2.000000 20.000000 0.000000 1.000000 
60.500000 23 1 -40.000000 40.000000 -10.000000 10.000000 10000.000000 1 2 1 1 2.000000 2.000000 0.000000 0.000000 2.000000 
61.000000 23 1 -40.000000 40.000000 -10.000000 10.000000 10000.000000 1 2 1 1 2.000000 2.000000 -20.000000 0.000000 2.000000 
61.500000 23 1 -40.000000 40.000000 -10.000000 10.000000 10000.000000 1 2 1 1 2.000000 2.000000 0.000000 0.000000 1.000000 
62.000000 23 1 -40.000000 40.000000 -10.000000 10.000000 10000.000000 1 2 1 1 2.000000 2.000000 20.000000 0.000000 1.000000 
62.500000 23 1 -40.000000 40.000000 -10.000000 10.000000 10000.000000 1 2 1 1 2.000000 2.000000 0.000000 0.000000 2.000000 
63.000000 23 1 -40.000000 40.000000 -10.000000 10.000000 10000.000000 1 2 1 1 2.000000 2.000000 -20.000000 0.000000 2.000000 
63.500000 23 1 -40.000000 40.000000 -10.000000 10.000000 10000.000000 1 2 1 1 2.000000 2.000000 0.000000 0.000000 1.000000 
64.000000 23 1 -40.000000 40.000000 -10.000000 10.000000 10000.000000 1 2 1 1 2.000000 2.000000 20.000000 0.000000 1.000000 
64.500000 23 1 -40.000000 40.000000 -10.000000 10.000000 10000.000000 1 2 1 1 2.000000 2.000000 0.000000 0.000000 2.000000 
65.000000 23 1 -40.000000 40.000000 -10.000000 10.000000 10000.000000 1 2 1 1 2.000000 2.000000 -20.000000 0.000000 2.000000 
65.500000 23 1 -40.000000 40.000000 -10.000000 10.000000 10000.000000 1 2 1 1 2.000000 2.000000 0.000000 0.000000 1.000000 
66.000000 23 1 -40.000000 40.000000 -10.000000 10.000000 10000.000000 1 2 1 1 2.000000 2.000000 20.000000 0.000000 1.000000 
66.500000 23 1 -40.000000 40.000000 -10.000000 10.000000 10000.000000 1 2 1 1 2.000000 2.000000 0.000000 0.000000 2.000000 
67.000000 23 1 -40.000000 40.000000 -10.000000 10.000000 10000.000000 1 2 1 1 2.000000 2.000000 -20.000000 0.000000 2.000000 
67.500000 23 1 -40.000000 40.000000 -10.000000 10.000000 10000.000000 1 2 1 1 2.000000 2.000000 0.000000 0.000000 1.000000 
68.000000 23 1 -40.000000 40.000000 -10.000000 10.000000 10000.000000 1 2 1 1 2.000000 2.000000 20.000000 0.000000 1.000000 
68.500000 23 1 -40.000000 40.000000 -10.000000 10.000000 10000.000000 1 2 1 1 2.000000 2.000000 0.000000 0.000000 2.000000 
69.000000 23 1 -40.000000 40.000000 -10.000000 10.000000 10000.000000 1 2 1 1 2.000000 2.000000 -20.000000 0.000000 2.000000 
69.500000 23 1 -40.000000 40.000000 -10.000000 10.000000 10000.000000 1 2 1 1 2.000000 2.000000 0.000000 0.000000 1.000000 
70.000000 23 1 -40.000000 40.000000 -10.000000 10.000000 10000.000000 1 2 1 1 2.000000 2.000000 20.000000 0.000000 1.000000 
70.500000 23 1 -40.000000 40.000000 -10.000000 10.000000 10000.000000 1 2 1 1 2.000000 2.000000 0.000000 0.000000 2.000000 
71.000000 23 1 -40.000000 40.000000 -10.000000 10.000000 10000.000000 1 2 1 1 2.000000 2.000000 -20.000000 0.000000 2.000000 
71.500000 23 1 -40.000000 40.000000 -10.000000 10.000000 10000.000000 1 2 1 1 2.000000 2.000000 0.000000 0.000000 1.000000 
72.000000 23 1 -40.000000 40.000000 -10.000000 10.000000 10000.000000 1 2 1 1 2.000000 2.000000 20.000000 0.000000 1.000000 
72.500000 23 1 -40.000000 40.000000 -10.000000 10.000000 10000.000000 1 2 1 1 2.000000 2.000000 0.000000 0.000000 2.000000 
73.000000 23 1 -40.000000 40.000000 -10.000000 10.000000 10000.000000 1 2 1 1 2.000000 2.000000 -20.000000 0.000000 2.000000 
73.500000 23 1 -40.000000 40.000000 -10.000000 10.000000 10000.000000 1 2 1 1 2.000000 2.000000 0.000000 0.000000 1.000000 
74.000000 23 1 -40.000000 40.000000 -10.000000 10.000000 10000.000000 1 2 1 1 2.000000 2.000000 20.000000 0.000000 1.000000 
74.500000 23 1 -40.000000 40.000000 -10.000000 10.000000 10000.000000 1 2 1 1 2.000000 2.000000 0.000000 0.000000 2.000000 
75.000000 23 1 -40.000000 40.000000 -10.000000 10.000000 10000.000000 1 2 1 1 2.000000 2.000000 -20.000000 0.000000 2.000000 
75.500000 23 1 -40.000000 40.000000 -10.000000 10.000000 10000.000000 1 2 1 1 2.000000 2.000000 0.000000 0.000000 1.000000 
76.000000 23 1 -40.000000 40.000000 -10.000000 10.000000 10000.000000 1 2 1 1 2.000000 2.000000 20.000000 0.000000 1.000000 
76.500000 23 1 -40.000000 40.000000 -10.000000 10.000000 10000.000000 1 2 1 1 2.000000 2.000000 0.000000 0.000000 2.000000 
77.000000 23 1 -40.000000 40.000000 -10.000000 10.000000 10000.000000 1 2 1 1 2.000000 2.000000 -20.000000 0.000000 2.000000 
77.500000 23 1 -40.000000 40.000000 -10.000000 10.000000 10000.000000 1 2 1 1 2.000000 2.000000 0.000000 0.000000 1.000000 
78.000000 23 1 -40.000000 40.000000 -10.000000 10.000000 10000.000000 1 2 1 1 2.000000 2.000000 20.000000 0.000000 1.000000 
78.500000 23 1 -40.000000 40.000000 -10.000000 10.000000 10000.000000 1 2 1 1 2.000000 2.000000 0.000000 0.000000 2.000000 
79.000000 23 1 -40.000000 40.000000 -10.000000 10.000000 10000.000000 1 2 1 1 2.000000 2.000000 -20.000000 0.000000 2.000000 
79.500000 23 1 -40.000000 40.000000 -10.000000 10.000000 10000.000000 1 2 1 1 2.000000 2.000000 0.000000 0.000000 1.000000 
80.000000 23 1 -40.000000 40.000000 -10.000000 10.000000 10000.000000 1 2 1 1 2.000000 2.000000 20.000000 0.000000 1.000000 
80.500000 23 1 -40.000000 40.000000 -10.000000 10.000000 10000.000000 1 2 1 1 2.000000 2.000000 0.000000 0.000000 2.000000 
81.000000 23 1 -40.000000 40.000000 -10.000000 10.000000 10000.000000 1 2 1 1 2.000000 2.000000 -20.000000 0.000000 2.000000 
81.500000 23 1 -40.000000 40.000000 -10.000000 10.000000 10000.000000 1 2 1 1 2.000000 2.000000 0.000000 0.000000 1.000000 
82.000000 23 1 -40.000000 40.000000 -10.000000 10.000000 10000.000000 1 2 1 1 2.000000 2.000000 20.000000 0.000000 1.000000 
82.500000 23 1 -40.000000 40.000000 -10.000000 10.000000 10000.000000 1 2 1 1 2.000000 2.000000 0.000000 0.000000 2.000000 
83.000000 23 1 -40.000000 40.000000 -10.000000 10.000000 10000.000000 1 2 1 1 2.000000 2.000000 -20.000000 0.000000 2.000000 
83.500000 23 1 -40.000000 40.000000 -10.000000 10.000000 10000.000000 1 2 1 1 2.000000 2.000000 0.000000 0.000000 1.000000 
84.000000 23 1 -40.000000 40.000000 -10.000000 10.000000 10000.000000 1 2 1 1 2.000000 2.000000 20.000000 0.000000 1.000000 
84.500000 23 1 -40.000000 40.000000 -10.000000 10.000000 10000.000000 1 2 1 1 2.000000 2.000000 0.000000 0.000000 2.000000 
85.000000 23 1 -40.000000 40.000000 -10.000000 10.000000 10000.000000 1 2 1 1 2.000000 2.000000 -20.000000 0.000000 2.000000 
85.500000 23 1 -40.000000 40.000000 -10.000000 10.000000 10000.000000 1 2 1 1 2.000000 2.000000 0.000000 0.000000 1.000000 
86.000000 23 1 -40.000000 40.000000 -10.000000 10.000000 10000.000000 1 2 1 1 2.000000 2.000000 20.000000 0.000000 1.000000 
86.500000 23 1 -40.000000 40.000000 -10.000000 10.000000 10000.000000 1 2 1 1 2.000000 2.000000 0.000000 0.000000 2.000000 
87.000000 23 1 -40.000000 40.000000 -10.000000 10.000000 10000.000000 1 2 1 1 2.000000 2.000000 -20.000000 0.000000 2.000000 
87.500000 23 1 -40.000000 40.000000 -10.000000 10.000000 10000.000000 1 2 1 1 2.000000 2.000000 0.000000 0.000000 1.000000 
88.000000 23 1 -40.000000 40.000000 -10.000000 10.000000 10000.000000 1 2 1 1 2.000000 2.000000 20.000000 0.000000 1.000000 
88.500000 23 1 -40.000000 40.000000 -10.000000 10.000000 10000.000000 1 2 1 1 2.000000 2.000000 0.000000 0.000000 2.000000 
89.000000 23 1 -40.000000 40.000000 -10.000000 10.000000 10000.000000 1 2 1 1 2.000000 2.000000 -20.000000 0.000000 2.000000 
89.500000 23 1 -40.000000 40.000000 -10.000000 10.000000 10000.000000 1 2 1 1 2.000000 2.000000 0.000000 0.000000 1.000000 
90.000000 23 1 -40.000000 40.000000 -10.000000 10.000000 10000.000000 1 2 1 1 2.000000 2.000000 20.000000 0.000000 1.000000 
90.500000 23 1 -40.000000 40.000000 -10.000000 10.000000 10000.000000 1 2 1 1 2.000000 2.000000 0.000000 0.000000 2.000000 
91.000000 23 1 -40.000000 40.000000 -10.000000 10.000000 10000.000000 2 2 1 
91.500000 23 1 -40.000000 40.000000 -10.000000 10.000000 10000.000000 2 2 1 
92.000000 23 1 -40.000000 40.000000 -10.000000 10.000000 10000.000000 2 2 1 
92.500000 23 1 -40.000000 40.000000 -10.000000 10.000000 10000.000000 2 2 1 
93.000000 23 1 -40.000000 40.000000 -10.000000 10.000000 10000.000000 2 2 1 
93.500000 23 1 -40.000000 40.000000 -10.000000 10.000000 10000.000000 2 2 1 
94.000000 23 1 -40.000000 40.000000 -10.000000 10.000000 10000.000000 2 2 1 
94.500000 23 1 -40.000000 40.000000 -10.000000 10.000000 10000.000000 2 2 1 
95.000000 23 1 -40.000000 40.000000 -10.000000 10.000000 10000.000000 2 2 1 
95.500000 23 1 -40.000000 40.000000 -10.000000 10.000000 10000.000000 2 2 1 
96.000000 23 1 -40.000000 40.000000 -10.000000 10.000000 10000.000000 2 2 1 
96.500000 23 1 -40.000000 40.000000 -10.000000 10.000000 10000.000000 2 2 1 
97.000000 23 1 -40.000000 40.000000 -10.000000 10.000000 10000.000000 2 2 1 
97.500000 23 1 -40.000000 40.000000 -10.000000 10.000000 10000.000000 2 2 1 
98.000000 23 1 -40.000000 40.000000 -10.000000 10.000000 10000.000000 2 2 1 
98.500000 23 1 -40.000000 40.000000 -10.000000 10.000000 10000.000000 2 2 1 
99.000000 23 1 -40.000000 40.000000 -10.000000 10.000000 10000.000000 2 2 1 
99.500000 23 1 -40.000000 40.000000 -10.000000 10.000000 10000.000000 2 2 1 
100.000000 23 1 -40.000000 40.000000 -10.000000 10.000000 10000.000000 2 2 1 
100.500000 23 1 -40.000000 40.000000 -10.000000 10.000000 10000.000000 2 2 1 
101.000000 23 1 -40.000000 40.000000 -10.000000 10.000000 10000.000000 2 2 1 
101.500000 23 1 -40.000000 40.000000 -10.000000 10.000000 10000.000000 2 2 1 
102.000000 23 1 -40.000000 40.000000 -10.000000 10.000000 10000.000000 2 2 1 
102.500000 23 1 -40.000000 40.000000 -10.000000 10.000000 10000.000000 2 2 1 
103.000000 23 1 -40.000000 40.000000 -10.000000 10.000000 10000.000000 2 2 1 
103.500000 23 1 -40.000000 40.000000 -10.000000 10.000000 10000.000000 2 2 1 
104.000000 23 1 -40.000000 40.000000 -10.000000 10.000000 10000.000000 2 2 1 
104.500000 23 1 -40.000000 40.000000 -10.000000 10.000000 10000.000000 2 2 1 
105.000000 23 1 -40.000000 40.000000 -10.000000 10.000000 10000.000000 2 2 1 
105.500000 23 1 -40.000000 40.000000 -10.000000 10.000000 10000.000000 2 2 1 
106.000000 23 1 -40.000000 40.000000 -10.000000 10.000000 10000.000000 2 2 1 
106.500000 23 1 -40.000000 40.000000 -10.000000 10.000000 10000.000000 2 2 1 
107.000000 23 1 -40.000000 40.000000 -10.000000 10.000000 10000.000000 2 2 1 
107.500000 23 1 -40.000000 40.000000 -10.000000 10.000000 10000.000000 2 2 1 
108.000000 23 1 -40.000000 40.000000 -10.000000 10.000000 10000.000000 2 2 1 
108.500000 23 1 -40.000000 40.000000 -10.000000 10.000000 10000.000000 2 2 1 
109.000000 23 1 -40.000000 40.000000 -10.000000 10.000000 10000.000000 2 2 1 
109.500000 23 1 -40.000000 40.000000 -10.000000 10.000000 10000.000000 2 2 1 
110.000000 23 1 -40.000000 40.000000 -10.000000 10.000000 10000.000000 2 2 1 
110.500000 23 1 -40.000000 40.000000 -10.000000 10.000000 10000.000000 2 2 1 
111.000000 23 1 -40.000000 40.000000 -10.000000 10.000000 10000.000000 2 2 1 
111.500000 23 1 -40.000000 40.000000 -10.000000 10.000000 10000.000000 2 2 1 
112.000000 23 1 -40.000000 40.000000 -10.000000 10.000000 10000.000000 2 2 1 
112.500000 23 1 -40.000000 40.000000 -10.000000 10.000000 10000.000000 2 2 1 
113.000000 23 1 -40.000000 40.000000 -10.000000 10.000000 10000.000000 2 2 1 
113.500000 23 1 -40.000000 40.000000 -10.000000 10.000000 10000.000000 2 2 1 
114.000000 23 1 -40.000000 40.000000 -10.000000 10.000000 10000.000000 2 2 1 
114.500000 23 1 -40.000000 40.000000 -10.000000 10.000000 10000.000000 2 2 1 
115.000000 23 1 -40.000000 40.000000 -10.000000 10.000000 10000.000000 2 2 1 
115.500000 23 1 -40.000000 40.000000 -10.000000 10.000000 10000.000000 2 2 1 
116.000000 23 1 -40.000000 40.000000 -10.000000 10.000000 10000.000000 2 2 1 
116.500000 23 1 -40.000000 40.000000 -10.000000 10.000000 10000.000000 2 2 1 
117.000000 23 1 -40.000000 40.000000 -10.000000 10.000000 10000.000000 2 2 1 
117.500000 23 1 -40.000000 40.000000 -10.000000 10.000000 10000.000000 2 2 1 
118.000000 23 1 -40.000000 40.000000 -10.000000 10.000000 10000.000000 2 2 1 
118.500000 23 1 -40.000000 40.000000 -10.000000 10.000000 10000.000000 2 2 1 
119.000000 23 1 -40.000000 40.000000 -10.000000 10.000000 10000.000000 2 2 1 
119.500000 23 1 -40.000000 40.000000 -10.000000 10.000000 10000.000000 2 2 1 
120.000000 23 1 -40.000000 40.000000 -10.000000 10.000000 10000.000000 2 2 1 
120.500000 23 1 -40.000000 40.000000 -10.000000 10.000000 10000.000000 2 2 1 
121.000000 23 1 -40.000000 40.000000 -10.000000 10.000000 10000.000000 2 2 1 
121.500000 23 1 -40.000000 40.000000 -10.000000 10.000000 10000.000000 2 2 1 
122.000000 23 1 -40.000000 40.000000 -10.000000 10.000000 10000.000000 2 2 1 
122.500000 23 1 -40.000000 40.000000 -10.000000 10.000000 10000.000000 2 2 1 
123.000000 23 1 -40.000000 40.000000 -10.000000 10.000000 10000.000000 2 2 1 
123.500000 23 1 -40.000000 40.000000 -10.000000 10.000000 10000.000000 2 2 1 
124.000000 23 1 -40.000000 40.000000 -10.000000 10.000000 10000.000000 2 2 1 
124.500000 23 1 -40.000000 40.000000 -10.000000 10.000000 10000.000000 2 2 1 
125.000000 23 1 -40.000000 40.000000 -10.000000 10.000000 10000.000000 2 2 1 
125.500000 23 1 -40.000000 40.000000 -10.000000 10.000000 10000.000000 2 2 1 
126.000000 23 1 -40.000000 40.000000 -10.000000 10.000000 10000.000000 2 2 1 
126.500000 23 1 -40.000000 40.000000 -10.000000 10.000000 10000.000000 2 2 1 
127.000000 23 1 -40.000000 40.000000 -10.000000 10.000000 10000.000000 2 2 1 
127.500000 23 1 -40.000000 40.000000 -10.000000 10.000000 10000.000000 2 2 1 
128.000000 23 1 -40.000000 40.000000 -10.000000 10.000000 10000.000000 2 2 1 
128.500000 23 1 -40.000000 40.000000 -10.000000 10.000000 10000.000000 2 2 1 
129.000000 23 1 -40.000000 40.000000 -10.000000 10.000000 10000.000000 2 2 1 
129.500000 23 1 -40.000000 40.000000 -10.000000 10.000000 10000.000000 2 2 1 
130.000000 23 1 -40.000000 40.000000 -10.000000 10.000000 10000.000000 2 2 1 
130.500000 23 1 -40.000000 40.000000 -10.000000 10.000000 10000.000000 2 2 1 
131.000000 23 1 -40.000000 40.000000 -10.000000 10.000000 10000.000000 2 2 1 
131.500000 23 1 -40.000000 40.000000 -10.000000 10.000000 10000.000000 2 2 1 
132.000000 23 1 -40.000000 40.000000 -10.000000 10.000000 10000.000000 2 2 1 
132.500000 23 1 -40.000000 40.000000 -10.000000 10.000000 10000.000000 2 2 1 
133.000000 23 1 -40.000000 40.000000 -10.000000 10.000000 10000.000000 2 2 1 
133.500000 23 1 -40.000000 40.000000 -10.000000 10.000000 10000.000000 2 2 1 
134.000000 23 1 -40.000000 40.000000 -10.000000 10.000000 10000.000000 2 2 1 
134.500000 23 1 -40.000000 40.000000 -10.000000 10.000000 10000.000000 2 2 1 
135.000000 23 1 -40.000000 40.000000 -10.000000 10.000000 10000.000000 2 2 1 
135.500000 23 1 -40.000000 40.000000 -10.000000 10.000000 10000.000000 2 2 1 
136.000000 23 1 -40.000000 40.000000 -10.000000 10.000000 10000.000000 2 2 1 
136.500000 23 1 -40.000000 40.000000 -10.000000 10.000000 10000.000000 2 2 1 
137.000000 23 1 -40.000000 40.000000 -10.000000 10.000000 10000.000000 2 2 1 
137.500000 23 1 -40.000000 40.000000 -10.000000 10.000000 10000.000000 2 2 1 
138.000000 23 1 -40.000000 40.000000 -10.000000 10.000000 10000.000000 2 2 1 
138.500000 23 1 -40.000000 40.000000 -10.000000 10.000000 10000.000000 2 2 1 
139.000000 23 1 -40.000000 40.000000 -10.000000 10.000000 10000.000000 2 2 1 
139.500000 23 1 -40.000000 40.000000 -10.000000 10.000000 10000.000000 2 2 1 
140.000000 23 1 -40.000000 40.000000 -10.000000 10.000000 10000.000000 2 2 1 
140.500000 23 1 -40.000000 40.000000 -10.000000 10.000000 10000.000000 2 2 1 
141.000000 23 1 -40.000000 40.000000 -10.000000 10.000000 10000.000000 2 2 1 
141.500000 23 1 -40.000000 40.000000 -10.000000 10.000000 10000.000000 2 2 1 
142.000000 23 1 -40.000000 40.000000 -10.000000 10.000000 10000.000000 2 2 1 
142.500000 23 1 -40.000000 40.000000 -10.000000 10.000000 10000.000000 2 2 1 
143.000000 23 1 -40.000000 40.000000 -10.000000 10.000000 10000.000000 2 2 1 
143.500000 23 1 -40.000000 40.000000 -10.000000 10.000000 10000.000000 2 2 1 
144.000000 23 1 -40.000000 40.000000 -10.000000 10.000000 10000.000000 2 2 1 
144.500000 23 1 -40.000000 40.000000 -10.000000 10.000000 10000.000000 2 2 1 
145.000000 23 1 -40.000000 40.000000 -10.000000 10.000000 10000.000000 2 2 1 
145.500000 23 1 -40.000000 40.000000 -10.000000 10.000000 10000.000000 2 2 1 
146.000000 23 1 -40.000000 40.000000 -10.000000 10.000000 10000.000000 2 2 1 
146.500000 23 1 -40.000000 40.000000 -10.000000 10.000000 10000.000000 2 2 1 
147.000000 23 1 -40.000000 40.000000 -10.000000 10.000000 10000.000000 2 2 1 
147.500000 23 1 -40.000000 40.000000 -10.000000 10.000000 10000.000000 2 2 1 
148.000000 23 1 -40.000000 40.000000 -10.000000 10.000000 10000.000000 2 2 1 
148.500000 23 1 -40.000000 40.000000 -10.000000 10.000000 10000.000000 2 2 1 
149.000000 23 1 -40.000000 40.000000 -10.000000 10.000000 10000.000000 2 2 1 
149.500000 23 1 -40.000000 40.000000 -10.000000 10.000000 10000.000000 2 2 1 
150.000000 23 1 -40.000000 40.000000 -10.000000 10.000000 10000.000000 2 2 1 
150.500000 23 1 -40.000000 40.000000 -10.000000 10.000000 10000.000000 2 2 1 
151.000000 23 1 -40.000000 40.000000 -10.000000 10.000000 10000.000000 2 2 1 
151.500000 23 1 -40.000000 40.000000 -10.000000 10.000000 10000.000000 2 2 1 
152.000000 23 1 -40.000000 40.000000 -10.000000 10.000000 10000.000000 2 2 1 
152.500000 23 1 -40.000000 40.000000 -10.000000 10.000000 10000.000000 2 2 1 
153.000000 23 1 -40.000000 40.000000 -10.000000 10.000000 10000.000000 2 2 1 
153.500000 23 1 -40.000000 40.000000 -10.000000 10.000000 10000.000000 2 2 1 
154.000000 23 1 -40.000000 40.000000 -10.000000 10.000000 10000.000000 2 2 1 
154.500000 23 1 -40.000000 40.000000 -10.000000 10.000000 10000.000000 2 2 1 
155.000000 23 1 -40.000000 40.000000 -10.000000 10.000000 10000.000000 2 2 1 
155.500000 23 1 -40.000000 40.000000 -10.000000 10.000000 10000.000000 2 2 1 
156.000000 23 1 -40.000000 40.000000 -10.000000 10.000000 10000.000000 2 2 1 
156.500000 23 1 -40.000000 40.000000 -10.000000 10.000000 10000.000000 2 2 1 
157.000000 23 1 -40.000000 40.000000 -10.000000 10.000000 10000.000000 2 2 1 
157.500000 23 1 -40.000000 40.000000 -10.000000 10.000000 10000.000000 2 2 1 
158.000000 23 1 -40.000000 40.000000 -10.000000 10.000000 10000.000000 2 2 1 
158.500000 23 1 -40.000000 40.000000 -10.000000 10.000000 10000.000000 2 2 1 
159.000000 23 1 -40.000000 40.000000 -10.000000 10.000000 10000.000000 2 2 1 
159.500000 23 1 -40.000000 40.000000 -10.000000 10.000000 10000.000000 2 2 1 
160.000000 23 1 -40.000000 40.000000 -10.000000 10.000000 10000.000000 2 2 1 
160.500000 23 1 -40.000000 40.000000 -10.000000 10.000000 10000.000000 2 2 1 
161.000000 23 1 -40.000000 40.000000 -10.000000 10.000000 10000.000000 2 2 1 
161.500000 23 1 -40.000000 40.000000 -10.000000 10.000000 10000.000000 2 2 1 
162.000000 23 1 -40.000000 40.000000 -10.000000 10.000000 10000.000000 2 2 1 
162.500000 23 1 -40.000000 40.000000 -10.000000 10.000000 10000.000000 2 2 1 
163.000000 23 1 -40.000000 40.000000 -10.000000 10.000000 10000.000000 2 2 1 
163.500000 23 1 -40.000000 40.000000 -10.000000 10.000000 10000.000000 2 2 1 
164.000000 23 1 -40.000000 40.000000 -10.000000 10.000000 10000.000000 2 2 1 
164.500000 23 1 -40.000000 40.000000 -10.000000 10.000000 10000.000000 2 2 1 
165.000000 23 1 -40.000000 40.000000 -10.000000 10.000000 10000.000000 2 2 1 
165.500000 23 1 -40.000000 40.000000 -10.000000 10.000000 10000.000000 2 2 1 
166.000000 23 1 -40.000000 40.000000 -10.000000 10.000000 10000.000000 2 2 1 
166.500000 23 1 -40.000000 40.000000 -10.000000 10.000000 10000.000000 2 2 1 
167.000000 23 1 -40.000000 40.000000 -10.000000 10.000000 10000.000000 2 2 1 
167.500000 23 1 -40.000000 40.000000 -10.000000 10.000000 10000.000000 2 2 1 
168.000000 23 1 -40.000000 40.000000 -10.000000 10.000000 10000.000000 2 2 1 
168.500000 23 1 -40.000000 40.000000 -10.000000 10.000000 10000.000000 2 2 1 
169.000000 23 1 -40.000000 40.000000 -10.000000 10.000000 10000.000000 2 2 1 
169.500000 23 1 -40.000000 40.000000 -10.000000 10.000000 10000.000000 2 2 1 
170.000000 23 1 -40.000000 40.000000 -10.000000 10.000000 10000.000000 2 2 1 
170.500000 23 1 -40.000000 40.000000 -10.000000 10.000000 10000.000000 2 2 1 
171.000000 23 1 -40.000000 40.000000 -10.000000 10.000000 10000.000000 2 2 1 
171.500000 23 1 -40.000000 40.000000 -10.000000 10.000000 10000.000000 2 2 1 
172.000000 23 1 -40.000000 40.000000 -10.000000 10.000000 10000.000000 2 2 1 
172.500000 23 1 -40.000000 40.000000 -10.000000 10.000000 10000.000000 2 2 1 
173.000000 23 1 -40.000000 40.000000 -10.000000 10.000000 10000.000000 2 2 1 
173.500000 23 1 -40.000000 40.000000 -10.000000 10.000000 10000.000000 2 2 1 
174.000000 23 1 -40.000000 40.000000 -10.000000 10.000000 10000.000000 2 2 1 
174.500000 23 1 -40.000000 40.000000 -10.000000 10.000000 10000.000000 2 2 1 
175.000000 23 1 -40.000000 40.000000 -10.000000 10.000000 10000.000000 2 2 1 
175.500000 23 1 -40.000000 40.000000 -10.000000 10.000000 10000.000000 2 2 1 
176.000000 23 1 -40.000000 40.000000 -10.000000 10.000000 10000.000000 2 2 1 
176.500000 23 1 -40.000000 40.000000 -10.000000 10.000000 10000.000000 2 2 1 
177.000000 23 1 -40.000000 40.000000 -10.000000 10.000000 10000.000000 2 2 1 
177.500000 23 1 -40.000000 40.000000 -10.000000 10.000000 10000.000000 2 2 1 
178.000000 23 1 -40.000000 40.000000 -10.000000 10.000000 10000.000000 2 2 1 
178.500000 23 1 -40.000000 40.000000 -10.000000 10.000000 10000.000000 2 2 1 
179.000000 23 1 -40.000000 40.000000 -10.000000 10.000000 10000.000000 2 2 1 
179.500000 23 1 -40.000000 40.000000 -10.000000 10.000000 10000.000000 2 2 1 
180.000000 23 1 -40.000000 40.000000 -10.000000 10.000000 10000.000000 2 2 1 
180.500000 23 1 -40.000000 40.000000 -10.000000 10.000000 10000.000000 2 2 1 
181.000000 23 1 -40.000000 40.000000 -10.000000 10.000000 10000.000000 2 2 1 
181.500000 23 1 -40.000000 40.000000 -10.000000 10.000000 10000.000000 2 2 1 
182.000000 23 1 -40.000000 40.000000 -10.000000 10.000000 10000.000000 2 2 1 
182.500000 23 1 -40.000000 40.000000 -10.000000 10.000000 10000.000000 2 2 1 
183.000000 23 1 -40.000000 40.000000 -10.000000 10.000000 10000.000000 2 2 1 
183.500000 23 1 -40.000000 40.000000 -10.000000 10.000000 10000.000000 2 2 1 
184.000000 23 1 -40.000000 40.000000 -10.000000 10.000000 10000.000000 2 2 1 
184.500000 23 1 -40.000000 40.000000 -10.000000 10.000000 10000.000000 2 2 1 
185.000000 23 1 -40.000000 40.000000 -10.000000 10.000000 10000.000000 2 2 1 
185.500000 23 1 -40.000000 40.000000 -10.000000 10.000000 10000.000000 2 2 1 
186.000000 23 1 -40.000000 40.000000 -10.000000 10.000000 10000.000000 1 2 1 1 2.000000 2.000000 -20.000000 0.000000 2.000000 
