195.44000244 39.10622787 44.87903214 343.70001221 0.00000000 0.00000000 213.80000305
195.49000549 39.10614014 44.87894821 343.88000488 0.00000000 0.00000000 213.80000305
195.61999512 39.10581207 44.87863541 344.48001099 0.00000000 0.00000000 213.80000305
195.75999451 39.10544586 44.87828064 345.10000610 0.00000000 0.80000001 213.80000305
195.88999939 39.10503387 44.87788773 345.75000000 0.00000000 0.69999999 213.80000305
196.02000427 39.10464478 44.87752533 346.20999146 0.00000000 0.60000002 213.80000305
196.13000488 39.10429001 44.87720490 346.60998535 0.00000000 0.50000000 213.39999390
196.25000000 39.10376358 44.87672043 347.16000366 0.00000000 0.50000000 212.69999695
196.36999512 39.10329056 44.87627029 347.57998657 0.00000000 0.40000001 211.80000305
196.49000549 39.10279846 44.87578583 347.82000732 0.00000000 0.30000001 210.80000305
196.64999390 39.10219955 44.87517548 347.89001465 0.00000000 0.10000000 209.69999695
196.82000732 39.10140228 44.87432098 347.42999268 0.00000000 -0.20000000 208.50000000
196.92999268 39.10094452 44.87381363 346.82998657 0.00000000 -0.30000001 208.10000610
197.05999756 39.10027313 44.87306976 345.92999268 0.00000000 -0.50000000 208.10000610
197.19000244 39.09967041 44.87239456 345.39001465 0.00000000 -0.40000001 208.10000610
197.30999756 39.09893417 44.87157059 344.94000244 0.00000000 -0.30000001 207.89999390
197.44000244 39.09827805 44.87083054 344.67999268 -31.10000038 -0.20000000 207.80000305
197.57000732 39.09761810 44.87008286 344.47000122 -31.89999962 -0.10000000 207.60000610
197.71000671 39.09684753 44.86920929 344.23001099 -30.89999962 -0.10000000 207.30000305
197.83000183 39.09608841 44.86833191 343.92001343 -29.20000076 -0.10000000 207.00000000
197.97000122 39.09544373 44.86757660 343.55999756 -25.29999924 -0.20000000 206.69999695
198.08999634 39.09469604 44.86669159 343.01000977 -21.89999962 -0.20000000 206.30000305
198.22000122 39.09406281 44.86593246 342.41000366 -18.39999962 -0.30000001 206.00000000
198.33999634 39.09343719 44.86516953 341.70999146 -16.29999924 -0.40000001 205.69999695
198.46000671 39.09281540 44.86440277 340.91000366 -15.19999981 -0.40000001 205.30000305
198.58000183 39.09220123 44.86363220 340.02999878 -15.19999981 -0.50000000 205.00000000
198.69000244 39.09159470 44.86286545 339.08999634 -15.69999981 -0.50000000 204.69999695
198.80999756 39.09099197 44.86209106 338.10000610 -16.39999962 -0.60000002 204.50000000
198.92999268 39.09039307 44.86131668 337.07998657 -17.60000038 -0.60000002 204.19999695
199.05000305 39.08989716 44.86067200 336.22000122 -18.39999962 -0.60000002 204.00000000
199.16999817 39.08931351 44.85988998 335.11999512 -19.39999962 -0.60000002 202.69999695
199.33999634 39.08850098 44.85869980 333.10000610 -22.79999924 -0.69999999 199.60000610
199.47999573 39.08793259 44.85774994 331.23999023 -27.79999924 -0.89999998 197.19999695
199.61000061 39.08742142 44.85678864 329.22000122 -34.79999924 -1.00000000 194.80000305
199.75999451 39.08697128 44.85581207 327.10000610 -44.20000076 -1.00000000 192.39999390
199.89999390 39.08657455 44.85482025 324.98001099 -55.59999847 -1.10000002 190.00000000
200.00000000 39.08632660 44.85410690 323.51000977 -64.90000153 -1.00000000 188.30000305
200.11000061 39.08610916 44.85338974 322.16000366 -75.19999695 -1.00000000 186.60000610
200.21000671 39.08588791 44.85251999 320.77999878 -87.19999695 -0.89999998 184.60000610
200.32000732 39.08573914 44.85179520 319.95001221 -90.00000000 -0.69999999 182.89999390
200.42999268 39.08561707 44.85106277 319.50000000 -90.00000000 -0.50000000 181.39999390
200.53999329 39.08550644 44.85018539 319.85000610 -90.00000000 -0.10000000 180.89999390
200.66999817 39.08537674 44.84915924 320.82998657 -90.00000000 0.30000001 180.80000305
200.80000305 39.08526611 44.84828186 322.11999512 -90.00000000 0.60000002 180.89999390
200.91999817 39.08515549 44.84740448 323.79000854 -90.00000000 0.89999998 180.89999390
201.02999878 39.08504486 44.84652710 325.80999756 -90.00000000 1.10000002 181.00000000
201.14999390 39.08494568 44.84579468 327.70999146 -90.00000000 1.20000005 181.00000000
201.25999451 39.08483124 44.84491730 330.30999756 -90.00000000 1.39999998 181.19999695
201.36999512 39.08471298 44.84403992 333.05999756 -77.90000153 1.50000000 181.19999695
201.47999573 39.08461380 44.84330750 335.36999512 -63.29999924 1.60000002 181.19999695
201.60000610 39.08449554 44.84243011 338.19000244 -47.00000000 1.60000002 181.19999695
201.72000122 39.08437729 44.84155273 341.10000610 -34.40000153 1.70000005 181.19999695
201.83000183 39.08425903 44.84067154 344.14999390 -24.39999962 1.70000005 181.30000305
201.94999695 39.08415604 44.83994293 346.73999023 -14.80000019 1.79999995 181.30000305
202.05999756 39.08403778 44.83906555 349.85998535 -8.19999981 1.79999995 181.30000305
202.16999817 39.08393478 44.83833313 352.45001221 -3.00000000 1.79999995 182.00000000
202.27999878 39.08378220 44.83745956 355.44000244 1.79999995 1.79999995 184.00000000
202.39999390 39.08358765 44.83658600 358.23999023 6.59999990 1.70000005 186.10000610
202.50999451 39.08339310 44.83586502 360.44000244 11.00000000 1.60000002 187.80000305
202.61000061 39.08316803 44.83514786 362.54998779 16.20000076 1.50000000 189.50000000
202.74000549 39.08280182 44.83415222 365.32000732 25.70000076 1.39999998 191.80000305
202.83999634 39.08250427 44.83344650 367.20001221 34.29999924 1.39999998 193.50000000
202.99000549 39.08197021 44.83233261 369.98001099 49.29999924 1.29999995 196.19999695
203.08999634 39.08159637 44.83164597 371.54998779 61.20000076 1.20000005 197.89999390
203.19000244 39.08119583 44.83096695 372.95999146 73.30000305 1.10000002 199.60000610
203.32000732 39.08068085 44.83016205 374.35000610 88.09999847 0.89999998 201.60000610
203.42999268 39.08021927 44.82950592 375.16000366 90.00000000 0.69999999 203.19999695
203.53999329 39.07963562 44.82873154 375.64999390 90.00000000 0.50000000 204.89999390
203.66000366 39.07904053 44.82797623 375.79000854 90.00000000 0.20000000 204.89999390
203.80000305 39.07835770 44.82710648 375.95999146 90.00000000 0.10000000 205.00000000
203.91999817 39.07777405 44.82637405 376.07998657 90.00000000 0.10000000 205.00000000
204.03999329 39.07719803 44.82564545 376.23999023 90.00000000 0.10000000 205.00000000
204.16000366 39.07662964 44.82492447 376.42999268 90.00000000 0.10000000 205.10000610
204.27999878 39.07606125 44.82421112 376.64001465 90.00000000 0.10000000 205.10000610
204.38999939 39.07550049 44.82350540 376.85998535 86.00000000 0.10000000 205.10000610
204.50999451 39.07494354 44.82280731 377.07998657 72.19999695 0.10000000 205.19999695
204.66000366 39.07429504 44.82199860 377.32000732 54.00000000 0.10000000 205.30000305
204.77999878 39.07374573 44.82131195 377.50000000 40.90000153 0.10000000 205.39999390
204.89999390 39.07320023 44.82063675 377.66000366 30.10000038 0.10000000 205.50000000
205.00999451 39.07274628 44.82007599 377.77999878 21.20000076 0.10000000 205.60000610
205.11999512 39.07220840 44.81941223 377.89001465 14.80000019 0.10000000 205.69999695
205.25000000 39.07167053 44.81875229 377.98001099 9.39999962 0.10000000 205.80000305
205.36000061 39.07113647 44.81809998 378.04000854 6.50000000 0.10000000 205.89999390
205.47000122 39.07060623 44.81745148 378.07998657 5.19999981 0.00000000 206.00000000
205.58000183 39.07016373 44.81692123 378.08999634 5.00000000 0.00000000 206.10000610
205.67999268 39.06972504 44.81639099 378.10000610 5.30000019 0.00000000 206.19999695
205.83000183 39.06903076 44.81555176 378.10000610 5.69999981 0.00000000 206.30000305
205.92999268 39.06859589 44.81503296 378.07998657 6.09999990 0.00000000 206.39999390
206.08000183 39.06799316 44.81431580 378.05999756 6.40000010 0.00000000 206.39999390
206.17999268 39.06756592 44.81380844 378.04000854 6.40000010 0.00000000 206.50000000
206.33000183 39.06697464 44.81310272 378.00000000 6.40000010 0.00000000 206.60000610
206.47000122 39.06638336 44.81240463 377.95999146 6.40000010 0.00000000 206.69999695
206.61000061 39.06571579 44.81161499 377.91000366 6.19999981 0.00000000 206.80000305
206.74000549 39.06521606 44.81103134 377.85998535 6.00000000 0.00000000 206.89999390
206.88000488 39.06464005 44.81035614 377.79998779 5.80000019 0.00000000 207.00000000
207.00999451 39.06406784 44.80968857 377.73001099 5.69999981 0.00000000 207.10000610
207.14999390 39.06357956 44.80912018 377.66000366 5.50000000 0.00000000 207.19999695
207.27000427 39.06301117 44.80846405 377.57000732 5.50000000 -0.10000000 207.30000305
207.41000366 39.06245041 44.80781555 377.47000122 5.50000000 -0.10000000 207.39999390
207.53999329 39.06196976 44.80726624 377.36999512 5.50000000 -0.10000000 207.50000000
207.63999939 39.06157303 44.80681229 377.27999878 5.50000000 -0.10000000 207.60000610
207.77000427 39.06101990 44.80618286 377.14001465 5.59999990 -0.10000000 207.69999695
207.88000488 39.06062698 44.80573654 377.02999878 5.69999981 -0.10000000 207.69999695
208.00999451 39.06015778 44.80520630 376.89001465 5.69999981 -0.10000000 207.80000305
208.11999512 39.05969238 44.80467987 376.73999023 5.90000010 -0.10000000 207.89999390
208.25000000 39.05915070 44.80406952 376.54998779 6.00000000 -0.10000000 208.00000000
208.36000061 39.05876541 44.80363846 376.39999390 6.00000000 -0.10000000 208.10000610
208.50000000 39.05823135 44.80304337 376.19000244 6.00000000 -0.20000000 208.19999695
208.60000610 39.05784988 44.80261993 376.02999878 6.00000000 -0.20000000 208.30000305
208.72000122 39.05739594 44.80211639 375.82998657 6.09999990 -0.20000000 208.39999390
208.82000732 39.05701828 44.80170059 375.66000366 6.19999981 -0.20000000 208.50000000
208.94999695 39.05649185 44.80112076 375.41000366 6.19999981 -0.20000000 208.60000610
209.08999634 39.05604553 44.80062866 375.20001221 6.09999990 -0.20000000 208.69999695
209.19999695 39.05559921 44.80014420 374.98001099 6.19999981 -0.20000000 208.80000305
209.33999634 39.05508423 44.79957962 374.72000122 6.09999990 -0.20000000 208.89999390
209.47999573 39.05457306 44.79902649 374.45001221 6.19999981 -0.20000000 209.00000000
209.58999634 39.05413437 44.79855347 374.23001099 6.19999981 -0.20000000 209.10000610
209.69999695 39.05377197 44.79816055 374.04000854 6.09999990 -0.20000000 209.10000610
209.80000305 39.05340958 44.79777145 373.85000610 6.00000000 -0.20000000 209.19999695
209.89999390 39.05304718 44.79738617 373.64999390 6.09999990 -0.20000000 209.30000305
210.00999451 39.05268860 44.79700470 373.45999146 6.09999990 -0.20000000 209.39999390
210.11000061 39.05233002 44.79662323 373.26998901 6.09999990 -0.20000000 209.50000000
210.21000671 39.05190277 44.79616928 373.04000854 6.00000000 -0.20000000 209.50000000
210.30999756 39.05155182 44.79579544 372.83999634 6.09999990 -0.20000000 209.60000610
210.41999817 39.05119705 44.79542542 372.64999390 6.19999981 -0.20000000 209.69999695
210.52000427 39.05084610 44.79505539 372.45001221 6.09999990 -0.20000000 209.80000305
210.64999390 39.05042648 44.79461288 372.20999146 6.19999981 -0.20000000 209.89999390
210.75000000 39.05007553 44.79425049 372.01998901 6.19999981 -0.20000000 210.00000000
210.85000610 39.04965973 44.79381561 371.77999878 6.30000019 -0.20000000 210.10000610
210.96000671 39.04931259 44.79345703 371.57998657 6.09999990 -0.20000000 210.10000610
211.05999756 39.04896927 44.79310226 371.38000488 6.19999981 -0.20000000 210.19999695
211.17999268 39.04855728 44.79267883 371.14001465 6.30000019 -0.20000000 210.30000305
211.28999329 39.04814911 44.79225540 370.89999390 6.30000019 -0.20000000 210.39999390
211.41999817 39.04774094 44.79183960 370.66000366 6.09999990 -0.20000000 210.50000000
211.53999329 39.04733658 44.79142380 370.41000366 6.30000019 -0.20000000 210.60000610
211.64999390 39.04693222 44.79101562 370.17001343 6.30000019 -0.30000001 210.69999695
211.75999451 39.04659653 44.79067612 369.95999146 6.19999981 -0.30000001 210.80000305
211.88000488 39.04619598 44.79027176 369.70999146 6.30000019 -0.30000001 210.89999390
212.00000000 39.04580307 44.78987503 369.45999146 6.30000019 -0.30000001 210.89999390
212.11999512 39.04540634 44.78947830 369.20999146 6.30000019 -0.30000001 211.00000000
212.24000549 39.04501343 44.78908539 368.95999146 6.30000019 -0.30000001 211.10000610
212.50999451 39.04410934 44.78818512 368.35998535 6.30000019 -0.30000001 211.39999390
212.64999390 39.04365921 44.78773880 368.05999756 6.30000019 -0.30000001 211.50000000
212.75000000 39.04333878 44.78742599 367.85000610 6.19999981 -0.30000001 211.50000000
212.86000061 39.04302216 44.78711319 367.63000488 6.19999981 -0.30000001 211.60000610
213.00000000 39.04257965 44.78668213 367.32000732 6.30000019 -0.30000001 211.69999695
213.13999939 39.04213715 44.78625107 367.01000977 6.19999981 -0.30000001 211.80000305
213.27000427 39.04170227 44.78582764 366.69000244 6.09999990 -0.30000001 211.89999390
213.41000366 39.04132843 44.78546906 366.42001343 6.00000000 -0.30000001 212.00000000
213.53999329 39.04089737 44.78504944 366.10000610 6.19999981 -0.30000001 212.10000610
213.67999268 39.04047012 44.78463745 365.77999878 6.19999981 -0.30000001 212.50000000
213.82000732 39.04003143 44.78423691 365.55999756 7.30000019 -0.30000001 215.00000000
213.96000671 39.03956985 44.78385544 365.39999390 11.50000000 -0.20000000 219.19999695
214.10000610 39.03907013 44.78350067 365.17999268 20.70000076 -0.20000000 224.10000610
214.24000549 39.03853607 44.78318405 364.86999512 35.29999924 -0.30000001 228.89999390
214.38000488 39.03797150 44.78289795 364.54998779 54.20000076 -0.30000001 231.89999390
214.52000427 39.03739929 44.78263092 364.72000122 75.80000305 0.00000000 232.10000610
214.64999390 39.03683472 44.78236771 365.52999878 90.00000000 0.50000000 232.60000610
214.80000305 39.03627396 44.78210831 366.75000000 90.00000000 1.10000002 232.60000610
214.94000244 39.03572083 44.78185272 367.98001099 90.00000000 1.29999995 232.69999695
215.08000183 39.03516769 44.78160095 369.32998657 90.00000000 1.39999998 232.89999390
215.22000122 39.03462219 44.78134918 370.95999146 90.00000000 1.70000005 233.30000305
215.35000610 39.03407669 44.78110504 372.95999146 90.00000000 2.09999990 233.80000305
215.49000549 39.03361130 44.78090286 375.05999756 90.00000000 2.50000000 234.39999390
215.60000610 39.03314972 44.78070450 377.54998779 79.19999695 3.09999990 235.10000610
215.74000549 39.03260803 44.78047943 380.97000122 60.50000000 3.70000005 236.10000610
215.88000488 39.03207016 44.78026581 384.92001343 44.79999924 4.30000019 237.10000610
216.02000427 39.03152847 44.78005981 389.39001465 34.00000000 5.00000000 238.19999695
216.14999390 39.03099060 44.77986526 394.30999756 29.20000076 5.59999990 239.30000305
216.30000305 39.03045273 44.77967834 399.64999390 29.20000076 6.19999981 240.30000305
216.42999268 39.02991486 44.77949905 405.35000610 32.90000153 6.69999981 241.19999695
216.57000732 39.02938080 44.77932739 411.32998657 37.50000000 7.09999990 242.10000610
216.69999695 39.02892303 44.77918625 416.66000366 40.90000153 7.50000000 242.69999695
216.82000732 39.02846527 44.77904892 422.19000244 43.09999847 7.90000010 243.19999695
216.96000671 39.02793503 44.77889252 428.91000366 44.40000153 8.30000019 243.69999695
217.10000610 39.02740860 44.77873993 435.97000122 44.40000153 8.69999981 244.10000610
217.24000549 39.02688217 44.77859497 443.38000488 43.00000000 9.19999981 244.39999390
217.38000488 39.02636337 44.77845001 451.20999146 40.20000076 9.80000019 244.60000610
217.52000427 39.02584839 44.77830887 459.45999146 36.50000000 10.39999962 244.69999695
217.71000671 39.02512360 44.77810669 472.13000488 30.00000000 11.39999962 244.60000610
217.82000732 39.02476501 44.77800751 478.89999390 26.29999924 12.00000000 244.60000610
217.91999817 39.02441025 44.77790833 485.94000244 22.50000000 12.60000038 244.50000000
218.05999756 39.02391815 44.77777100 496.29998779 17.39999962 13.50000000 244.50000000
218.21000671 39.02342987 44.77763367 507.17999268 12.39999962 14.39999962 244.69999695
218.30999756 39.02308655 44.77753830 515.22998047 9.50000000 15.00000000 244.89999390
218.46000671 39.02253723 44.77738953 528.34002686 6.09999990 15.60000038 245.39999390
218.60000610 39.02206039 44.77725983 539.71002197 4.09999990 15.80000019 245.69999695
218.72999573 39.02158737 44.77713394 550.90002441 3.00000000 15.69999981 245.69999695
218.88000488 39.02111435 44.77700806 561.88000488 2.59999990 15.50000000 245.80000305
218.97999573 39.02077866 44.77691650 569.51000977 2.70000005 15.19999981 245.80000305
219.08000183 39.02043915 44.77682877 576.96997070 3.00000000 15.00000000 245.80000305
219.17999268 39.02010727 44.77674103 584.32000732 3.40000010 14.69999981 245.80000305
219.27999878 39.01977158 44.77665329 591.53002930 4.00000000 14.50000000 245.80000305
219.38000488 39.01943970 44.77656555 598.55999756 4.40000010 14.30000019 245.80000305
219.47999573 39.01910782 44.77647400 605.39001465 4.59999990 14.00000000 245.80000305
219.58000183 39.01877594 44.77639008 611.92999268 4.50000000 13.60000038 245.89999390
219.69000244 39.01837921 44.77628326 619.34002686 4.59999990 12.89999962 246.00000000
219.78999329 39.01804733 44.77619553 625.09002686 4.19999981 12.30000019 246.10000610
219.91999817 39.01764679 44.77609253 631.34997559 3.90000010 11.19999981 246.30000305
220.05999756 39.01718521 44.77597809 637.66998291 3.79999995 9.80000019 246.50000000
220.21000671 39.01665497 44.77584457 643.46002197 4.19999981 8.10000038 246.89999390
220.32000732 39.01632309 44.77576447 646.25000000 4.40000010 6.80000019 247.19999695
220.41999817 39.01599121 44.77568436 648.33001709 5.19999981 5.50000000 247.50000000
220.55999756 39.01552963 44.77557373 650.10998535 7.00000000 3.40000010 248.00000000
220.69000244 39.01513290 44.77548599 650.53002930 9.19999981 1.70000005 248.39999390
220.78999329 39.01480103 44.77541351 650.09002686 11.39999962 0.20000000 248.69999695
220.88999939 39.01447296 44.77534485 649.00000000 13.89999962 -1.20000005 249.00000000
220.99000549 39.01414490 44.77527237 647.20001221 16.10000038 -2.59999990 249.30000305
221.13999939 39.01362228 44.77516937 642.96002197 20.00000000 -4.90000010 249.69999695
221.27999878 39.01316452 44.77507782 637.92999268 22.29999924 -6.69999981 250.00000000
221.42999268 39.01271439 44.77499390 631.66998291 23.50000000 -8.80000019 250.30000305
221.57000732 39.01220703 44.77489853 623.13000488 24.20000076 -10.80000019 250.60000610
221.66999817 39.01189041 44.77484131 617.08001709 23.89999962 -12.10000038 250.69999695
221.82000732 39.01144791 44.77476120 607.67999268 22.89999962 -14.10000038 250.89999390
221.96000671 39.01101685 44.77468872 597.29998779 21.60000038 -15.69999981 251.19999695
222.05999756 39.01070786 44.77463531 589.27001953 20.29999924 -16.89999962 251.50000000
222.22999573 39.01021957 44.77455902 575.46002197 18.50000000 -18.79999924 252.19999695
222.33000183 39.00985718 44.77450180 564.34997559 17.89999962 -20.00000000 252.80000305
222.47000122 39.00949860 44.77445221 552.64001465 16.89999962 -21.29999924 253.50000000
222.61000061 39.00902557 44.77439117 536.25000000 17.00000000 -22.79999924 254.80000305
222.75000000 39.00867081 44.77435303 523.48999023 17.20000076 -23.79999924 255.89999390
222.88999939 39.00820160 44.77430725 506.13000488 18.89999962 -24.70000076 257.39999390
223.03999329 39.00778961 44.77427673 490.88000488 20.79999924 -24.89999962 258.70001221
223.17999268 39.00737762 44.77425003 475.85998535 23.00000000 -24.79999924 259.60000610
223.33000183 39.00696182 44.77422714 461.17001343 25.50000000 -24.29999924 260.39999390
223.47000122 39.00648880 44.77420807 444.88000488 27.89999962 -23.70000076 261.20001221
223.58000183 39.00619125 44.77419662 434.98999023 28.70000076 -23.20000076 261.60000610
223.72000122 39.00577164 44.77418518 421.51998901 29.79999924 -22.39999962 262.20001221
223.85000610 39.00541306 44.77417374 410.38000488 29.79999924 -21.79999924 262.70001221
224.00000000 39.00493240 44.77416611 396.16000366 29.29999924 -20.79999924 263.39999390
224.14999390 39.00450897 44.77416229 384.39001465 27.70000076 -19.89999962 264.10000610
224.25000000 39.00414658 44.77415848 374.83999634 26.60000038 -18.89999962 264.60000610
224.36000061 39.00384140 44.77415848 367.26998901 24.79999924 -18.20000076 265.10000610
224.46000671 39.00353622 44.77415848 360.10998535 23.60000038 -17.29999924 265.50000000
224.55999756 39.00323105 44.77416229 353.32000732 22.39999962 -16.39999962 265.89999390
224.69000244 39.00280380 44.77416992 344.51998901 21.20000076 -15.19999981 266.50000000
224.80000305 39.00249863 44.77417374 338.70999146 20.39999962 -14.19999981 266.89999390
224.89999390 39.00218964 44.77418137 333.32998657 19.60000038 -13.30000019 267.39999390
225.00000000 39.00188446 44.77418900 328.32000732 19.70000076 -12.39999962 267.89999390
225.11000061 39.00157928 44.77420044 323.67999268 19.70000076 -11.50000000 268.50000000
225.24000549 39.00115204 44.77421570 317.67999268 20.39999962 -10.39999962 269.39999390
225.38000488 39.00072479 44.77423859 312.07998657 21.39999962 -9.69999981 270.39999390
225.52999878 39.00023651 44.77426910 305.86999512 22.89999962 -9.19999981 271.39999390
225.63000488 38.99993515 44.77429199 302.01998901 24.00000000 -9.10000038 271.89999390
225.72999573 38.99963379 44.77431488 298.19000244 25.39999962 -9.10000038 271.89999390
225.85000610 38.99933243 44.77433777 294.35000610 26.39999962 -9.10000038 272.00000000
225.99000549 38.99884796 44.77437592 288.17999268 27.70000076 -9.10000038 272.10000610
226.13999939 38.99842834 44.77441025 282.76000977 28.00000000 -9.19999981 272.20001221
226.28999329 38.99795151 44.77444839 276.48001099 27.29999924 -9.30000019 272.29998779
226.41000366 38.99759674 44.77447891 271.66000366 25.70000076 -9.50000000 272.29998779
226.52000427 38.99729919 44.77450180 267.55999756 23.60000038 -9.69999981 272.20001221
226.64999390 38.99694443 44.77453232 262.48001099 20.10000038 -10.00000000 272.10000610
226.80999756 38.99641418 44.77457428 254.47999573 15.19999981 -10.60000038 271.70001221
227.03999329 38.99576950 44.77462006 243.80999756 8.10000038 -11.69999981 270.89999390
227.16000366 38.99542236 44.77464294 237.49000549 4.69999981 -12.30000019 270.20001221
227.27999878 38.99507523 44.77466583 230.80999756 0.80000001 -13.19999981 269.39999390
227.39999390 38.99472809 44.77468109 223.85000610 -3.00000000 -13.89999962 268.39999390
227.52000427 38.99438477 44.77469254 216.72000122 -6.80000019 -14.39999962 267.29998779
227.64999390 38.99403763 44.77470016 209.60000610 -10.69999981 -14.60000038 266.29998779
227.77000427 38.99363708 44.77470398 201.52000427 -15.30000019 -14.50000000 265.50000000
227.94999695 38.99311829 44.77470398 191.74000549 -21.29999924 -13.69999981 264.79998779
228.08000183 38.99277496 44.77470016 185.66999817 -25.50000000 -13.00000000 264.60000610
228.19999695 38.99243164 44.77469254 179.97000122 -29.20000076 -12.19999981 264.39999390
228.32000732 38.99208450 44.77468872 174.67999268 -31.89999962 -11.39999962 264.29998779
228.44000244 38.99174118 44.77468109 169.82000732 -33.70000076 -10.60000038 264.20001221
228.57000732 38.99139404 44.77467346 165.41999817 -34.29999924 -9.60000038 264.20001221
228.71000671 38.99093628 44.77466202 160.33999634 -33.29999924 -8.39999962 264.00000000
228.83999634 38.99059296 44.77465057 157.16000366 -30.79999924 -7.40000010 263.89999390
228.96000671 38.99024963 44.77464294 154.55000305 -28.79999924 -6.09999990 263.60000610
229.07000732 38.98990631 44.77462769 152.52000427 -26.29999924 -5.00000000 263.29998779
229.19000244 38.98956680 44.77461243 151.05999756 -23.79999924 -3.79999995 262.89999390
229.30999756 38.98928452 44.77459717 150.27999878 -21.70000076 -2.70000005 262.39999390
229.41999817 38.98894501 44.77457809 149.83999634 -20.70000076 -1.60000002 261.79998779
229.53999329 38.98860550 44.77455139 149.92999268 -20.89999962 -0.50000000 261.10000610
229.66000366 38.98826981 44.77452850 150.50999451 -22.20000076 0.60000002 260.50000000
229.77000427 38.98793793 44.77449799 151.28999329 -24.29999924 1.39999998 260.50000000
229.88999939 38.98760605 44.77447128 151.97999573 -26.60000038 1.60000002 260.50000000
230.00000000 38.98733139 44.77444458 152.50000000 -28.60000038 1.50000000 260.50000000
230.11999512 38.98699951 44.77441788 153.03999329 -29.89999962 1.29999995 260.50000000
230.22999573 38.98667145 44.77439117 153.50000000 -29.79999924 1.10000002 260.50000000
230.35000610 38.98634338 44.77436447 153.88000488 -29.10000038 0.89999998 260.50000000
230.46000671 38.98606873 44.77434158 154.13999939 -27.60000038 0.80000001 260.50000000
230.57000732 38.98574448 44.77431488 154.38000488 -24.79999924 0.60000002 260.50000000
230.71000671 38.98536301 44.77428055 154.55999756 -20.00000000 0.40000001 260.50000000
230.82000732 38.98509216 44.77425766 154.63000488 -15.89999962 0.30000001 260.50000000
230.94000244 38.98476791 44.77423096 154.64999390 -11.80000019 0.10000000 260.50000000
231.03999329 38.98450089 44.77420807 154.61000061 -8.39999962 0.00000000 260.50000000
231.16000366 38.98418045 44.77418518 154.50000000 -5.09999990 -0.20000000 260.50000000
231.27000427 38.98391342 44.77416229 154.36000061 -3.00000000 -0.30000001 260.50000000
231.38000488 38.98359299 44.77413559 154.11999512 -0.80000001 -0.40000001 260.50000000
231.50000000 38.98327255 44.77410889 153.82000732 0.69999999 -0.60000002 260.50000000
231.61000061 38.98295593 44.77408600 153.44999695 1.60000002 -0.69999999 260.50000000
231.72999573 38.98269272 44.77406311 153.10000610 1.70000005 -0.89999998 260.50000000
231.83999634 38.98237610 44.77403641 152.61000061 1.70000005 -1.00000000 260.50000000
231.94999695 38.98206329 44.77401352 152.07000732 1.79999995 -1.20000005 260.50000000
232.05999756 38.98180008 44.77399063 151.55999756 1.60000002 -1.29999995 260.50000000
232.17999268 38.98148727 44.77396774 150.91000366 1.60000002 -1.39999998 260.50000000
232.27999878 38.98122787 44.77394867 150.30999756 1.79999995 -1.60000002 260.50000000
232.38999939 38.98091507 44.77392197 149.55000305 1.60000002 -1.70000005 260.50000000
232.50000000 38.98065567 44.77390289 148.86999512 1.70000005 -1.79999995 260.50000000
232.61000061 38.98040009 44.77388000 148.14999390 1.20000005 -1.89999998 260.50000000
232.74000549 38.98003769 44.77385330 147.07000732 1.60000002 -2.09999990 260.50000000
232.85000610 38.97973251 44.77383041 146.08999634 1.39999998 -2.20000005 260.50000000
232.96000671 38.97947693 44.77380753 145.22999573 1.20000005 -2.29999995 260.50000000
233.05999756 38.97922134 44.77378845 144.33000183 1.20000005 -2.40000010 260.50000000
233.16000366 38.97896576 44.77376938 143.39999390 1.20000005 -2.59999990 260.50000000
233.25999451 38.97871399 44.77375031 142.42999268 1.10000002 -2.70000005 260.50000000
233.36999512 38.97840881 44.77372742 141.22000122 1.00000000 -2.79999995 260.50000000
233.47000122 38.97815704 44.77370834 140.17999268 1.00000000 -2.90000010 260.50000000
233.61999512 38.97780609 44.77368164 138.64999390 1.39999998 -3.09999990 260.50000000
233.72000122 38.97755432 44.77366257 137.52999878 1.20000005 -3.20000005 260.50000000
233.82000732 38.97730637 44.77364349 136.36000061 1.20000005 -3.29999995 260.50000000
233.91999817 38.97705460 44.77362442 135.16999817 1.29999995 -3.40000010 260.50000000
234.07000732 38.97665787 44.77359009 133.19000244 1.10000002 -3.50000000 260.50000000
234.22000122 38.97631073 44.77356720 131.38000488 1.10000002 -3.70000005 260.50000000
234.36999512 38.97596741 44.77354050 129.52000427 1.29999995 -3.79999995 260.50000000
234.50999451 38.97557449 44.77350998 127.30999756 1.00000000 -4.00000000 260.50000000
234.61999512 38.97533035 44.77349091 125.90000153 1.00000000 -4.09999990 260.50000000
234.74000549 38.97503662 44.77346802 124.15000153 0.89999998 -4.19999981 260.50000000
234.83999634 38.97479248 44.77345276 122.66999817 0.89999998 -4.30000019 260.50000000
234.94999695 38.97454834 44.77343369 121.16000366 0.89999998 -4.40000010 260.50000000
235.05999756 38.97425842 44.77341080 119.30000305 1.10000002 -4.50000000 260.50000000
235.16000366 38.97401810 44.77339554 117.72000122 1.00000000 -4.59999990 260.50000000
235.30999756 38.97367859 44.77336884 115.45999908 0.89999998 -4.80000019 260.50000000
235.41999817 38.97339249 44.77334595 113.48999786 1.00000000 -4.90000010 260.50000000
235.57000732 38.97305679 44.77332306 111.12999725 1.00000000 -5.00000000 260.50000000
235.67999268 38.97277069 44.77330017 109.05999756 1.00000000 -5.09999990 260.60000610
235.77999878 38.97253418 44.77328491 107.30999756 0.80000001 -5.19999981 260.60000610
235.88000488 38.97229385 44.77326584 105.52999878 0.89999998 -5.30000019 260.60000610
235.97999573 38.97205734 44.77325058 103.73000336 0.89999998 -5.40000010 260.60000610
236.08999634 38.97182083 44.77323151 101.90000153 0.69999999 -5.50000000 260.60000610
236.19000244 38.97158813 44.77321625 100.04000092 0.69999999 -5.59999990 260.60000610
236.28999329 38.97130585 44.77319336 97.77999878 0.89999998 -5.69999981 260.60000610
236.39999390 38.97106934 44.77317810 95.87000275 0.80000001 -5.80000019 260.60000610
236.50000000 38.97083664 44.77316284 93.93000031 0.69999999 -5.90000010 260.60000610
236.60000610 38.97060394 44.77314377 91.97000122 0.80000001 -6.00000000 260.60000610
236.72999573 38.97032547 44.77312469 89.58000183 0.89999998 -6.09999990 260.60000610
236.83000183 38.97009277 44.77310562 87.55999756 0.89999998 -6.19999981 260.60000610
236.92999268 38.96986389 44.77309036 85.51999664 0.69999999 -6.30000019 260.60000610
237.02999878 38.96958542 44.77307129 83.04000092 0.69999999 -6.40000010 260.60000610
