421.70001221 39.18700027 45.05077362 39.63000107 0.00000000 0.00000000 193.60000610
421.79998779 39.18699646 45.05076599 39.79999924 0.00000000 0.00000000 193.39999390
421.91000366 39.18699265 45.05075073 40.31999969 0.00000000 0.00000000 193.30000305
422.01000977 39.18697357 45.05071259 41.40000153 0.00000000 14.19999981 193.10000610
422.10998535 39.18695450 45.05067062 42.70000076 0.00000000 14.50000000 192.89999390
422.22000122 39.18693161 45.05061722 44.36999893 0.00000000 14.60000038 192.80000305
422.32000732 39.18690491 45.05054855 46.40000153 0.00000000 14.60000038 192.60000610
422.42001343 39.18687057 45.05047226 48.83000183 0.00000000 14.80000019 192.60000610
422.52999878 39.18682861 45.05038071 51.59000015 0.00000000 14.89999962 193.19999695
422.64999390 39.18675995 45.05023575 55.77999878 0.00000000 14.30000019 195.30000305
422.76000977 39.18669891 45.05012131 58.77999878 0.00000000 13.19999981 197.39999390
422.86999512 39.18662643 45.04999161 61.59999847 0.00000000 11.60000038 199.69999695
422.97000122 39.18651581 45.04982758 64.55999756 0.00000000 9.60000038 202.39999390
423.07998657 39.18640900 45.04967880 66.56999969 0.00000000 7.69999981 204.50000000
423.17999268 39.18628311 45.04952240 68.05999756 0.00000000 5.69999981 206.19999695
423.29000854 39.18611526 45.04932404 69.44999695 0.00000000 3.90000010 206.10000610
423.39001465 39.18596649 45.04914474 70.73999786 0.00000000 3.29999995 205.69999695
423.50000000 39.18581009 45.04895401 72.18000031 0.00000000 3.20000005 206.10000610
423.60998535 39.18564224 45.04875183 73.69000244 0.00000000 3.29999995 206.10000610
423.70999146 39.18543243 45.04850006 75.73000336 77.09999847 3.40000010 206.00000000
423.82000732 39.18524551 45.04827499 77.58999634 78.30000305 3.59999990 206.00000000
423.92999268 39.18504715 45.04803848 79.58000183 75.30000305 3.70000005 206.00000000
424.02999878 39.18480301 45.04774094 82.09999847 69.69999695 3.70000005 206.00000000
424.14001465 39.18458557 45.04748154 84.27999878 61.00000000 3.70000005 206.00000000
424.23999023 39.18436050 45.04721069 86.50000000 50.70000076 3.70000005 206.10000610
424.33999634 39.18412781 45.04693222 88.73000336 40.90000153 3.59999990 206.19999695
424.45001221 39.18388367 45.04663849 90.97000122 32.00000000 3.50000000 206.30000305
424.54998779 39.18363190 45.04633713 93.20999908 25.00000000 3.40000010 206.50000000
424.64999390 39.18336487 45.04602814 95.48000336 17.50000000 3.29999995 206.80000305
424.75000000 39.18303299 45.04563904 98.23000336 12.60000038 3.20000005 207.10000610
424.85998535 39.18274307 45.04530334 100.54000092 8.80000019 3.09999990 207.39999390
424.95999146 39.18244171 45.04496002 102.86000061 6.40000010 3.00000000 207.69999695
425.05999756 39.18212509 45.04460907 105.16000366 6.30000019 2.90000010 208.10000610
425.16000366 39.18179703 45.04424667 107.41000366 7.19999981 2.79999995 208.50000000
425.26998901 39.18145752 45.04387665 109.55999756 9.30000019 2.59999990 208.89999390
425.36999512 39.18103027 45.04341888 111.97000122 11.69999981 2.40000010 209.50000000
425.47000122 39.18065643 45.04302979 113.75000000 14.10000038 2.20000005 209.89999390
425.57998657 39.18027115 45.04263306 115.23000336 16.50000000 1.89999998 210.19999695
425.67999268 39.17987061 45.04222488 116.40000153 18.79999924 1.50000000 210.60000610
425.79000854 39.17937851 45.04172897 117.29000092 21.39999962 1.00000000 210.89999390
425.89999390 39.17896652 45.04132080 117.58000183 23.39999962 0.60000002 211.19999695
426.01000977 39.17855072 45.04090881 117.51000214 24.79999924 0.20000000 211.50000000
426.11999512 39.17804718 45.04042053 116.91999817 26.20000076 -0.20000000 211.89999390
426.29998779 39.17728043 45.03968811 115.04000092 27.60000038 -0.89999998 212.50000000
426.41000366 39.17684937 45.03928757 113.50000000 27.79999924 -1.29999995 212.89999390
426.51000977 39.17633057 45.03880692 111.18000031 27.89999962 -1.70000005 213.39999390
426.61999512 39.17589188 45.03840637 108.90000153 27.39999962 -2.09999990 213.80000305
426.72000122 39.17544937 45.03801346 106.38999939 26.89999962 -2.40000010 214.30000305
426.82998657 39.17500305 45.03762054 103.70999908 26.60000038 -2.59999990 214.80000305
426.92999268 39.17445755 45.03715134 100.44000244 27.10000038 -2.70000005 215.39999390
427.02999878 39.17399979 45.03676605 97.81999969 27.39999962 -2.70000005 215.89999390
427.13000488 39.17353821 45.03638458 95.44000244 28.00000000 -2.59999990 216.30000305
427.23999023 39.17307281 45.03600311 93.38999939 28.29999924 -2.29999995 216.50000000
427.33999634 39.17260361 45.03562164 91.76000214 28.89999962 -2.00000000 216.69999695
427.45001221 39.17213440 45.03524017 90.51000214 29.20000076 -1.60000002 216.80000305
427.54998779 39.17157364 45.03478241 89.41000366 29.79999924 -1.20000005 216.80000305
427.64999390 39.17110062 45.03440094 88.63999939 29.79999924 -0.89999998 216.80000305
427.76000977 39.17063141 45.03402328 88.01999664 29.00000000 -0.80000001 216.80000305
427.86999512 39.17006683 45.03356934 87.47000122 27.79999924 -0.60000002 216.89999390
427.98001099 39.16959763 45.03318787 87.16000366 25.89999962 -0.40000001 216.89999390
428.07998657 39.16912460 45.03281021 86.94999695 23.70000076 -0.30000001 217.00000000
428.19000244 39.16855621 45.03235626 86.80999756 20.79999924 -0.20000000 217.10000610
428.29998779 39.16808319 45.03197861 86.73999786 17.79999924 -0.10000000 217.10000610
428.41000366 39.16761017 45.03160095 86.70999908 15.10000038 -0.10000000 217.19999695
428.51000977 39.16713715 45.03122330 86.69000244 12.19999981 0.00000000 217.30000305
428.60998535 39.16666031 45.03084564 86.66999817 10.10000038 0.00000000 217.39999390
428.70999146 39.16608810 45.03039551 86.62999725 8.50000000 0.00000000 217.60000610
428.82000732 39.16561127 45.03002167 86.56999969 7.19999981 0.00000000 217.80000305
428.92001343 39.16513062 45.02964783 86.45999908 6.40000010 -0.10000000 218.00000000
429.01998901 39.16464996 45.02927399 86.30000305 6.19999981 -0.10000000 218.19999695
429.13000488 39.16416550 45.02890396 86.04000092 6.40000010 -0.20000000 218.50000000
429.23001099 39.16358185 45.02846146 85.56999969 7.30000019 -0.30000001 218.80000305
429.33999634 39.16308975 45.02809143 85.04000092 8.19999981 -0.40000001 219.10000610
429.44000244 39.16259766 45.02772903 84.40000153 9.30000019 -0.60000002 219.50000000
429.54998779 39.16200256 45.02729416 83.52999878 11.00000000 -0.69999999 220.00000000
429.66000366 39.16149902 45.02693176 82.81999969 12.80000019 -0.69999999 220.39999390
429.76000977 39.16099548 45.02657318 82.19999695 14.50000000 -0.69999999 220.80000305
429.88000488 39.16038895 45.02614975 81.75000000 16.50000000 -0.50000000 221.10000610
429.98001099 39.15987778 45.02579498 81.65000153 18.10000038 -0.30000001 221.39999390
430.07998657 39.15936661 45.02544403 81.81999969 19.79999924 0.00000000 221.50000000
430.19000244 39.15885544 45.02509308 82.11000061 21.00000000 0.20000000 221.50000000
430.29998779 39.15823746 45.02466965 82.58000183 22.20000076 0.30000001 221.50000000
430.41000366 39.15772629 45.02431870 83.04000092 22.60000038 0.40000001 221.50000000
430.51000977 39.15721130 45.02396774 83.56999969 22.39999962 0.50000000 221.60000610
430.61999512 39.15659714 45.02354813 84.25000000 21.50000000 0.50000000 221.69999695
430.72000122 39.15608215 45.02319717 84.83999634 20.20000076 0.60000002 221.69999695
430.82998657 39.15556717 45.02285004 85.41999817 18.50000000 0.60000002 221.80000305
430.92999268 39.15494919 45.02243042 86.06999969 16.60000038 0.60000002 221.89999390
431.04000854 39.15443420 45.02207947 86.55000305 14.19999981 0.50000000 222.00000000
431.14001465 39.15391541 45.02173233 86.94999695 12.30000019 0.50000000 222.10000610
431.25000000 39.15339661 45.02138519 87.26999664 10.00000000 0.40000001 222.19999695
431.35000610 39.15277481 45.02096939 87.52999878 8.80000019 0.30000001 222.39999390
431.45001221 39.15225220 45.02062225 87.61000061 7.69999981 0.20000000 222.50000000
431.54998779 39.15173340 45.02027893 87.55999756 6.90000010 0.10000000 222.69999695
431.66000366 39.15120697 45.01993561 87.34999847 6.69999981 -0.10000000 222.89999390
431.76000977 39.15068436 45.01959229 87.01999664 6.59999990 -0.20000000 223.10000610
431.85998535 39.15015411 45.01925278 86.58000183 7.09999990 -0.40000001 223.39999390
431.97000122 39.14962387 45.01891327 86.09999847 7.90000010 -0.40000001 223.69999695
432.07000732 39.14898682 45.01850891 85.62000275 9.10000038 -0.40000001 224.00000000
432.17999268 39.14845276 45.01817322 85.41999817 10.30000019 -0.30000001 224.10000610
432.29000854 39.14791870 45.01784134 85.44000244 11.39999962 -0.10000000 224.30000305
432.39999390 39.14727402 45.01744080 85.80000305 12.50000000 0.10000000 224.39999390
432.50000000 39.14673615 45.01710892 86.36000061 13.39999962 0.40000001 224.50000000
432.60000610 39.14619827 45.01677704 87.08999634 14.00000000 0.60000002 224.69999695
432.70999146 39.14566040 45.01644516 87.94000244 14.50000000 0.80000001 224.69999695
432.80999756 39.14501190 45.01604843 89.02999878 14.69999981 0.89999998 224.69999695
432.92001343 39.14447403 45.01571655 89.98000336 14.30000019 0.89999998 224.69999695
433.02999878 39.14393234 45.01538467 90.95999908 13.60000038 1.00000000 224.69999695
433.13000488 39.14339447 45.01505661 91.94999695 12.69999981 1.00000000 224.69999695
433.23999023 39.14274597 45.01465988 93.12999725 11.60000038 1.00000000 224.80000305
433.33999634 39.14220428 45.01432800 94.06999969 10.30000019 1.00000000 224.89999390
433.44000244 39.14166641 45.01399994 94.98999786 9.00000000 1.00000000 224.89999390
433.54998779 39.14112091 45.01367188 95.87999725 7.69999981 0.89999998 225.10000610
433.64999390 39.14047241 45.01327515 96.94999695 6.90000010 0.89999998 225.19999695
433.75000000 39.13992691 45.01295090 97.90000153 6.00000000 0.89999998 225.30000305
433.85000610 39.13938141 45.01262283 98.98000336 5.50000000 1.00000000 225.39999390
433.95999146 39.13883591 45.01229858 100.20999908 5.19999981 1.10000002 225.50000000
434.07000732 39.13829041 45.01197052 101.62000275 4.80000019 1.29999995 225.50000000
434.17001343 39.13774490 45.01164627 103.23999786 4.90000010 1.50000000 225.50000000
434.26998901 39.13709259 45.01125717 105.48000336 5.09999990 1.70000005 225.50000000
434.38000488 39.13654709 45.01093292 107.63999939 5.19999981 2.00000000 225.50000000
434.48999023 39.13600159 45.01060486 110.08999634 5.30000019 2.29999995 225.50000000
434.60000610 39.13534546 45.01021576 113.45999908 5.19999981 2.59999990 225.50000000
434.70999146 39.13479996 45.00989151 116.66999817 5.00000000 3.00000000 225.50000000
434.82000732 39.13414764 45.00950241 121.02999878 4.40000010 3.40000010 225.39999390
434.92999268 39.13360214 45.00917435 125.12000275 3.70000005 3.79999995 225.39999390
435.04000854 39.13294983 45.00878525 130.61000061 3.09999990 4.30000019 225.30000305
435.14999390 39.13240814 45.00846100 135.69000244 2.29999995 4.80000019 225.30000305
435.26000977 39.13175964 45.00806808 142.35000610 1.29999995 5.30000019 225.19999695
435.36999512 39.13121796 45.00774384 148.35000610 0.50000000 5.80000019 225.10000610
435.47000122 39.13068008 45.00741577 154.72999573 -0.20000000 6.19999981 225.00000000
435.57000732 39.13003159 45.00702286 162.58000183 -1.00000000 6.50000000 225.00000000
435.67999268 39.12949371 45.00669861 169.11000061 -1.60000002 6.59999990 225.00000000
435.79000854 39.12884521 45.00630569 176.94000244 -2.09999990 6.69999981 225.00000000
435.89001465 39.12830353 45.00597763 183.44000244 -2.29999995 6.59999990 225.00000000
436.00000000 39.12776566 45.00564957 189.91000366 -2.50000000 6.59999990 225.00000000
436.10000610 39.12722778 45.00532532 196.33000183 -2.70000005 6.59999990 225.00000000
436.20001221 39.12668610 45.00499725 202.66999817 -2.59999990 6.50000000 224.89999390
436.29998779 39.12615204 45.00466919 208.91999817 -2.59999990 6.50000000 224.89999390
436.39999390 39.12561035 45.00434113 215.03999329 -2.59999990 6.30000019 224.80000305
436.51000977 39.12507248 45.00401306 220.99000549 -2.50000000 6.19999981 224.80000305
436.60998535 39.12453461 45.00368118 226.72000122 -2.29999995 6.00000000 224.69999695
436.70999146 39.12399673 45.00335312 232.16000366 -2.29999995 5.80000019 224.60000610
436.80999756 39.12335205 45.00295639 238.25000000 -2.29999995 5.40000010 224.60000610
436.92001343 39.12281799 45.00262451 242.86999512 -2.50000000 5.09999990 224.50000000
437.02999878 39.12217331 45.00222397 247.78999329 -2.70000005 4.50000000 224.39999390
437.14001465 39.12163544 45.00189209 251.28999329 -3.00000000 4.00000000 224.39999390
437.25000000 39.12110138 45.00156021 254.19000244 -3.20000005 3.40000010 224.30000305
437.35000610 39.12056351 45.00122452 256.45999146 -3.40000010 2.79999995 224.30000305
437.45001221 39.11991882 45.00082397 258.29998779 -3.50000000 2.09999990 224.30000305
437.55999756 39.11938477 45.00049210 259.05999756 -3.79999995 1.39999998 224.30000305
437.66000366 39.11884689 45.00015640 259.13000488 -4.00000000 0.60000002 224.30000305
437.76000977 39.11830902 44.99982071 258.48999023 -4.00000000 -0.10000000 224.30000305
437.85998535 39.11777496 44.99948883 257.16000366 -3.79999995 -0.80000001 224.39999390
437.95999146 39.11723328 44.99915314 255.16999817 -3.50000000 -1.50000000 224.50000000
438.07000732 39.11669540 44.99882507 252.55000305 -2.90000010 -2.20000005 224.60000610
438.17001343 39.11605072 44.99842453 248.66999817 -2.09999990 -2.90000010 224.89999390
438.27999878 39.11550903 44.99809647 244.91999817 -1.10000002 -3.40000010 225.19999695
438.39001465 39.11496353 44.99776840 240.94000244 0.20000000 -3.79999995 225.30000305
438.50000000 39.11431122 44.99737930 236.13000488 1.39999998 -4.00000000 225.30000305
438.60998535 39.11376953 44.99705124 232.13999939 2.70000005 -4.09999990 225.39999390
438.72000122 39.11311722 44.99666214 227.39999390 4.09999990 -4.00000000 225.50000000
438.82000732 39.11257172 44.99633789 223.55000305 5.19999981 -4.00000000 225.60000610
438.92999268 39.11202240 44.99600983 219.83999634 6.19999981 -3.90000010 225.69999695
439.02999878 39.11136627 44.99562454 215.66000366 7.09999990 -3.70000005 225.89999390
439.14001465 39.11081696 44.99530029 212.49000549 8.00000000 -3.50000000 226.10000610
439.23999023 39.11026764 44.99497986 209.69000244 8.50000000 -3.09999990 226.19999695
439.35000610 39.10971451 44.99465942 207.30000305 8.69999981 -2.70000005 226.39999390
439.45001221 39.10916138 44.99433899 205.38999939 8.89999962 -2.29999995 226.50000000
439.54998779 39.10849380 44.99395752 203.77999878 9.19999981 -1.79999995 226.69999695
439.66000366 39.10794067 44.99363708 203.05000305 9.30000019 -1.20000005 226.80000305
439.76000977 39.10738373 44.99332047 202.88999939 9.50000000 -0.60000002 226.80000305
439.86999512 39.10682678 44.99300385 203.30000305 9.60000038 0.00000000 226.80000305
439.97000122 39.10615921 44.99262238 204.50999451 9.60000038 0.60000002 226.80000305
440.07998657 39.10560226 44.99230576 206.08000183 9.39999962 1.20000005 226.69999695
440.17999268 39.10504913 44.99198914 208.08000183 8.69999981 1.70000005 226.50000000
440.29000854 39.10449600 44.99166870 210.46000671 8.00000000 2.09999990 226.30000305
440.39001465 39.10383224 44.99128342 213.72000122 7.00000000 2.50000000 226.10000610
440.50000000 39.10328293 44.99096298 216.74000549 5.40000010 2.79999995 226.00000000
440.60998535 39.10273361 44.99063873 220.02999878 3.70000005 3.09999990 225.89999390
440.70999146 39.10207748 44.99024963 224.30999756 1.89999998 3.40000010 225.80000305
440.82000732 39.10152817 44.98992920 228.19000244 0.10000000 3.70000005 225.69999695
440.92001343 39.10098267 44.98960495 232.38000488 -1.60000002 4.00000000 225.69999695
441.01998901 39.10043716 44.98928070 236.91999817 -3.40000010 4.40000010 225.60000610
441.13000488 39.09978485 44.98889160 242.91000366 -4.80000019 4.80000019 225.50000000
441.23999023 39.09923935 44.98856735 248.41999817 -5.80000019 5.19999981 225.50000000
441.33999634 39.09869385 44.98824310 254.46000671 -6.40000010 5.69999981 225.39999390
441.44000244 39.09815216 44.98791504 261.10000610 -6.80000019 6.30000019 225.30000305
441.54998779 39.09761429 44.98759079 268.39999390 -6.80000019 7.00000000 225.30000305
441.64999390 39.09696579 44.98720169 278.10998535 -6.59999990 7.69999981 225.19999695
441.76000977 39.09642792 44.98687744 287.08999634 -6.30000019 8.50000000 225.10000610
441.85998535 39.09589386 44.98655319 296.94000244 -6.09999990 9.39999962 225.00000000
441.95999146 39.09536362 44.98622894 307.77999878 -5.69999981 10.30000019 224.80000305
