377.00000000 39.18799973 45.05097198 39.90000153 0.00000000 0.00000000 184.89999390
377.05999756 39.18799973 45.05097198 39.95000076 0.00000000 0.00000000 184.89999390
377.17001343 39.18799591 45.05096054 40.33000183 0.00000000 0.00000000 184.80000305
377.26998901 39.18799210 45.05093384 41.04000092 0.00000000 14.19999981 184.60000610
377.38000488 39.18798065 45.05088806 42.36000061 0.00000000 14.10000038 184.39999390
377.48001099 39.18796921 45.05083466 43.84999847 0.00000000 14.10000038 184.19999695
377.57998657 39.18795776 45.05076981 45.66999817 0.00000000 14.19999981 184.10000610
377.69000244 39.18793488 45.05067825 48.33000183 0.00000000 14.30000019 183.89999390
377.79998779 39.18791962 45.05058670 50.90999985 0.00000000 14.30000019 184.39999390
377.91000366 39.18789673 45.05048370 53.68000031 0.00000000 13.80000019 185.50000000
378.01000977 39.18785858 45.05034637 56.97000122 0.00000000 12.69999981 187.69999695
378.10998535 39.18781662 45.05021667 59.47000122 0.00000000 11.10000038 189.80000305
378.22000122 39.18776321 45.05007553 61.61999893 0.00000000 9.10000038 192.00000000
378.32998657 39.18769836 45.04992294 63.25000000 0.00000000 6.69999981 194.19999695
378.44000244 39.18759918 45.04972458 64.48000336 0.00000000 4.30000019 196.39999390
378.54000854 39.18750763 45.04954910 65.05000305 0.00000000 2.70000005 196.69999695
378.64999390 39.18738556 45.04932404 65.69999695 0.00000000 1.70000005 196.60000610
378.76000977 39.18727875 45.04912186 66.30000305 0.00000000 1.39999998 196.60000610
378.86999512 39.18716431 45.04891205 66.98999786 0.00000000 1.50000000 196.60000610
378.97000122 39.18701553 45.04863739 67.91999817 0.00000000 1.60000002 196.60000610
379.07998657 39.18688965 45.04840088 68.79000092 75.59999847 1.70000005 196.60000610
379.17999268 39.18675232 45.04814911 69.72000122 74.69999695 1.70000005 196.60000610
379.29000854 39.18661118 45.04788589 70.70999908 70.80000305 1.79999995 196.60000610
379.39001465 39.18645859 45.04761505 71.75000000 63.09999847 1.79999995 196.60000610
379.48999023 39.18627167 45.04726791 73.05000305 54.20000076 1.79999995 196.60000610
379.60000610 39.18611145 45.04697037 74.16000366 43.90000153 1.79999995 196.60000610
379.70001221 39.18593979 45.04665756 75.30000305 35.20000076 1.79999995 196.60000610
379.79998779 39.18576813 45.04633331 76.45999908 27.79999924 1.70000005 196.69999695
379.91000366 39.18554688 45.04592896 77.87000275 20.29999924 1.70000005 196.69999695
380.01000977 39.18535614 45.04558182 79.06999969 13.39999962 1.70000005 196.69999695
380.11999512 39.18515778 45.04521942 80.29000092 8.30000019 1.60000002 196.69999695
380.22000122 39.18495560 45.04484940 81.54000092 5.00000000 1.60000002 196.69999695
380.32000732 39.18474579 45.04446411 82.81999969 2.70000005 1.60000002 196.69999695
380.42999268 39.18452835 45.04406738 84.13999939 1.29999995 1.60000002 196.69999695
380.54000854 39.18426514 45.04357910 85.79000092 0.89999998 1.60000002 196.69999695
380.64999390 39.18403244 45.04315567 87.22000122 0.80000001 1.60000002 196.69999695
380.75000000 39.18375015 45.04263306 89.01999664 0.80000001 1.60000002 196.60000610
380.85000610 39.18350601 45.04218292 90.61000061 0.69999999 1.70000005 196.60000610
380.95001221 39.18325806 45.04172516 92.27999878 0.50000000 1.70000005 196.50000000
381.04998779 39.18300247 45.04125595 94.01999664 0.00000000 1.79999995 196.50000000
381.16000366 39.18274689 45.04078293 95.80999756 -0.30000001 1.79999995 196.39999390
381.26000977 39.18249512 45.04031372 97.61000061 -0.60000002 1.79999995 196.39999390
381.36999512 39.18219376 45.03974915 99.79000092 -0.89999998 1.79999995 196.30000305
381.47000122 39.18194199 45.03927612 101.59999847 -1.20000005 1.89999998 196.30000305
381.57000732 39.18169022 45.03880310 103.41999817 -1.60000002 1.89999998 196.30000305
381.67999268 39.18143845 45.03833389 105.25000000 -1.89999998 1.89999998 196.30000305
381.77999878 39.18118668 45.03786087 107.08000183 -2.20000005 1.89999998 196.30000305
381.88000488 39.18093872 45.03738785 108.93000031 -2.50000000 1.89999998 196.30000305
381.98999023 39.18063354 45.03682327 111.23999786 -2.59999990 1.89999998 196.30000305
382.08999634 39.18038559 45.03635406 113.23999786 -2.59999990 2.00000000 196.30000305
382.20001221 39.18013382 45.03588104 115.30999756 -2.59999990 2.09999990 196.30000305
382.29998779 39.17988205 45.03540802 117.44999695 -2.29999995 2.09999990 196.30000305
382.39999390 39.17963028 45.03493500 119.69999695 -2.00000000 2.20000005 196.30000305
382.51000977 39.17937851 45.03446579 122.05000305 -1.70000005 2.29999995 196.39999390
382.61999512 39.17907333 45.03390121 125.04000092 -1.20000005 2.50000000 196.50000000
382.72000122 39.17882156 45.03343201 127.69999695 -0.69999999 2.59999990 196.60000610
382.82000732 39.17856598 45.03295898 130.50999451 -0.10000000 2.70000005 196.80000305
382.92001343 39.17830658 45.03248978 133.50000000 0.60000002 2.90000010 197.00000000
383.01998901 39.17804337 45.03202057 136.64999390 1.39999998 3.09999990 197.30000305
383.13000488 39.17778015 45.03155518 139.97000122 2.50000000 3.29999995 197.60000610
383.23001099 39.17745972 45.03099442 144.16000366 3.79999995 3.40000010 197.89999390
383.33999634 39.17718887 45.03052902 147.80999756 5.09999990 3.59999990 198.30000305
383.44000244 39.17691422 45.03006363 151.58000183 6.80000019 3.70000005 198.69999695
383.54000854 39.17663193 45.02960205 155.46000671 8.50000000 3.90000010 199.10000610
383.64001465 39.17634583 45.02914047 159.42999268 10.50000000 4.00000000 199.50000000
383.73999023 39.17605591 45.02867889 163.44999695 12.60000038 4.09999990 199.89999390
383.85000610 39.17570114 45.02812958 168.33999634 15.10000038 4.09999990 200.50000000
383.95999146 39.17539978 45.02767563 172.44000244 17.39999962 4.19999981 200.89999390
384.05999756 39.17509460 45.02722168 176.52000427 19.50000000 4.19999981 201.39999390
384.17001343 39.17478561 45.02676773 180.58000183 21.50000000 4.19999981 201.80000305
384.26998901 39.17440796 45.02622604 185.38000488 23.79999924 4.09999990 202.30000305
384.38000488 39.17408371 45.02577591 189.27999878 25.50000000 4.09999990 202.69999695
384.48999023 39.17369461 45.02523804 193.82000732 27.29999924 3.90000010 203.19999695
384.60000610 39.17336273 45.02479172 197.44000244 28.39999962 3.79999995 203.69999695
384.70001221 39.17302704 45.02434921 200.91000366 29.39999962 3.70000005 204.10000610
384.79998779 39.17268372 45.02390289 204.16999817 30.10000038 3.50000000 204.50000000
384.91000366 39.17234039 45.02346420 207.22999573 30.60000038 3.29999995 204.80000305
385.01000977 39.17192078 45.02293777 210.58999634 31.29999924 3.00000000 205.30000305
385.11999512 39.17156219 45.02249908 213.08999634 31.60000038 2.79999995 205.69999695
385.22000122 39.17120361 45.02206039 215.32000732 31.39999962 2.50000000 206.00000000
385.32000732 39.17084503 45.02162552 217.22999573 31.50000000 2.20000005 206.39999390
385.42999268 39.17047501 45.02119446 218.83000183 31.20000076 1.89999998 206.69999695
385.52999878 39.17003250 45.02067566 220.28999329 31.39999962 1.50000000 207.10000610
385.64001465 39.16965866 45.02024460 221.11000061 31.00000000 1.10000002 207.50000000
385.73999023 39.16928101 45.01981735 221.57000732 30.70000076 0.80000001 207.80000305
385.85000610 39.16881943 45.01930618 221.61000061 30.20000076 0.30000001 208.10000610
385.95001221 39.16843414 45.01887894 221.21000671 29.89999962 -0.10000000 208.39999390
386.05999756 39.16804886 45.01845551 220.41999817 29.29999924 -0.50000000 208.69999695
386.16000366 39.16765594 45.01803207 219.21000671 28.89999962 -0.89999998 209.00000000
386.26000977 39.16726303 45.01761246 217.61000061 28.20000076 -1.29999995 209.19999695
386.36999512 39.16686630 45.01718903 215.58999634 27.39999962 -1.70000005 209.50000000
386.47000122 39.16646957 45.01677322 213.16999817 26.20000076 -2.20000005 209.80000305
386.57000732 39.16606522 45.01635361 210.33999634 25.50000000 -2.59999990 210.00000000
386.67999268 39.16558075 45.01585388 206.42999268 24.60000038 -3.00000000 210.30000305
386.77999878 39.16517639 45.01544189 202.86999512 23.60000038 -3.40000010 209.39999390
386.88000488 39.16478348 45.01501846 199.55000305 21.60000038 -3.50000000 207.89999390
386.98001099 39.16440964 45.01459122 196.58000183 18.29999924 -3.29999995 206.39999390
387.07998657 39.16404724 45.01415634 194.00000000 13.69999981 -2.90000010 204.89999390
387.19000244 39.16363907 45.01362610 191.44000244 6.90000010 -2.50000000 203.00000000
387.29000854 39.16331482 45.01317596 189.75000000 -0.40000001 -2.09999990 201.50000000
387.39999390 39.16300583 45.01271820 188.52999878 -9.10000038 -1.60000002 200.00000000
387.50000000 39.16271591 45.01225662 187.78999329 -19.10000038 -1.10000002 198.50000000
387.60998535 39.16239166 45.01169586 187.58999634 -32.40000153 -0.60000002 198.00000000
387.72000122 39.16211700 45.01123047 187.50999451 -44.79999924 -0.20000000 199.50000000
387.82000732 39.16181946 45.01077271 187.27999878 -54.09999847 -0.20000000 201.10000610
387.92999268 39.16150665 45.01031876 186.89999390 -60.29999924 -0.30000001 202.69999695
388.02999878 39.16110992 45.00978088 186.32000732 -61.59999847 -0.40000001 204.60000610
388.13000488 39.16075897 45.00934219 185.77999878 -58.90000153 -0.50000000 206.19999695
388.23999023 39.16039276 45.00891113 185.21000671 -51.90000153 -0.60000002 207.69999695
388.33999634 39.16000748 45.00848389 184.63999939 -41.50000000 -0.60000002 209.30000305
388.44000244 39.15960693 45.00806427 184.08999634 -27.39999962 -0.60000002 210.89999390
388.54000854 39.15918732 45.00765610 183.55999756 -8.50000000 -0.60000002 212.50000000
388.66000366 39.15866470 45.00717545 182.94999695 17.60000038 -0.50000000 214.30000305
388.76000977 39.15821457 45.00678253 182.44999695 38.50000000 -0.50000000 215.69999695
388.86999512 39.15775299 45.00640106 182.00000000 58.29999924 -0.50000000 216.00000000
388.97000122 39.15728760 45.00601578 181.52999878 73.59999847 -0.50000000 216.19999695
389.07000732 39.15673065 45.00555420 180.92999268 86.30000305 -0.50000000 216.30000305
389.17999268 39.15626526 45.00517273 180.36000061 90.00000000 -0.50000000 216.30000305
389.27999878 39.15579605 45.00479126 179.74000549 90.00000000 -0.60000002 216.39999390
389.38000488 39.15533066 45.00440979 179.02000427 90.00000000 -0.69999999 216.50000000
389.48001099 39.15486145 45.00402451 178.32000732 90.00000000 -0.69999999 216.50000000
389.58999634 39.15439224 45.00364685 177.61999512 85.50000000 -0.69999999 216.60000610
389.69000244 39.15383148 45.00318909 176.77000427 76.00000000 -0.69999999 216.60000610
389.79998779 39.15336227 45.00280762 175.99000549 63.90000153 -0.69999999 216.60000610
389.89999390 39.15289307 45.00242615 175.11999512 53.40000153 -0.80000001 216.69999695
390.01000977 39.15242386 45.00204468 174.07000732 41.09999847 -0.89999998 216.69999695
390.10998535 39.15195465 45.00166321 172.80999756 31.70000076 -1.10000002 216.80000305
390.20999146 39.15139008 45.00120926 170.92999268 24.60000038 -1.39999998 216.89999390
390.32000732 39.15091705 45.00082779 168.97999573 17.50000000 -1.70000005 216.89999390
390.42001343 39.15044785 45.00045013 166.66000366 12.30000019 -2.09999990 217.00000000
390.51998901 39.14997482 45.00007248 163.89999390 8.39999962 -2.50000000 217.10000610
390.61999512 39.14950562 44.99969482 160.72999573 5.80000019 -2.90000010 217.19999695
390.72000122 39.14902878 44.99931717 157.11999512 4.40000010 -3.29999995 217.30000305
390.82000732 39.14855576 44.99893951 153.11000061 4.09999990 -3.79999995 217.50000000
390.92999268 39.14807892 44.99856567 148.75999451 4.40000010 -4.19999981 217.80000305
391.02999878 39.14760208 44.99819183 144.22999573 4.69999981 -4.50000000 217.80000305
391.14001465 39.14702606 44.99774551 138.82000732 5.19999981 -4.59999990 217.89999390
391.23999023 39.14654922 44.99737167 134.35000610 5.69999981 -4.59999990 217.89999390
391.35000610 39.14597321 44.99692535 129.08000183 6.19999981 -4.50000000 218.00000000
391.45999146 39.14549255 44.99655533 124.80000305 6.50000000 -4.40000010 218.00000000
391.57000732 39.14491653 44.99610901 119.84999847 7.00000000 -4.30000019 218.19999695
391.67999268 39.14443588 44.99573517 115.93000031 7.30000019 -4.09999990 218.30000305
391.77999878 39.14395142 44.99536896 112.25000000 7.50000000 -3.90000010 218.39999390
391.88000488 39.14346695 44.99499512 108.84999847 7.50000000 -3.70000005 218.50000000
391.98999023 39.14288330 44.99455261 105.19000244 7.50000000 -3.29999995 218.69999695
392.08999634 39.14239883 44.99418640 102.51999664 7.30000019 -3.00000000 218.80000305
392.20001221 39.14191055 44.99381638 100.25000000 7.00000000 -2.59999990 218.89999390
392.30999756 39.14132309 44.99337769 98.05000305 7.19999981 -2.09999990 219.00000000
392.42001343 39.14083099 44.99301147 96.66000366 7.30000019 -1.70000005 219.10000610
392.51998901 39.14033890 44.99264526 95.70999908 7.50000000 -1.29999995 219.19999695
392.64999390 39.13965225 44.99213409 95.05000305 7.69999981 -0.69999999 219.39999390
392.76000977 39.13915634 44.99176788 95.05999756 7.80000019 -0.30000001 219.39999390
392.85998535 39.13866425 44.99140549 95.41999817 7.90000010 0.10000000 219.50000000
392.97000122 39.13816833 44.99104309 96.11000061 8.19999981 0.50000000 219.60000610
393.07998657 39.13757324 44.99060822 97.11000061 8.39999962 0.69999999 219.60000610
393.17999268 39.13707733 44.99024200 97.94999695 8.39999962 0.80000001 219.60000610
393.27999878 39.13658142 44.98987961 98.79000092 8.10000038 0.89999998 219.60000610
393.39001465 39.13598633 44.98944473 99.80999756 7.50000000 0.89999998 219.69999695
393.48999023 39.13549042 44.98908234 100.65000153 7.00000000 0.89999998 219.69999695
393.58999634 39.13499451 44.98871994 101.47000122 6.40000010 0.89999998 219.69999695
393.70001221 39.13449860 44.98835754 102.26999664 5.80000019 0.80000001 219.69999695
393.80999756 39.13400269 44.98799515 103.01000214 5.09999990 0.80000001 219.69999695
393.91000366 39.13351059 44.98763275 103.69000244 4.30000019 0.69999999 219.69999695
394.01998901 39.13291550 44.98719406 104.37000275 3.40000010 0.60000002 219.60000610
394.11999512 39.13241959 44.98683167 104.80000305 2.70000005 0.50000000 219.60000610
394.22000122 39.13192368 44.98646927 105.05999756 2.09999990 0.40000001 219.50000000
394.32000732 39.13142776 44.98610687 105.09999847 1.50000000 0.20000000 219.50000000
394.42001343 39.13093567 44.98574066 104.88999939 1.00000000 0.00000000 219.39999390
394.52999878 39.13043976 44.98537445 104.40000153 0.30000001 -0.30000001 219.30000305
394.64001465 39.12984848 44.98493576 103.41000366 -0.50000000 -0.60000002 219.10000610
394.75000000 39.12936020 44.98456955 102.26000214 -1.20000005 -0.89999998 218.89999390
394.85998535 39.12877274 44.98413086 100.51000214 -2.09999990 -1.29999995 218.69999695
394.95999146 39.12828827 44.98376083 98.83999634 -2.90000010 -1.50000000 218.39999390
395.07000732 39.12770844 44.98331451 96.83000183 -4.09999990 -1.70000005 218.19999695
395.17999268 39.12722397 44.98294449 95.37000275 -5.19999981 -1.60000002 218.19999695
395.29000854 39.12674332 44.98257065 93.98999786 -6.30000019 -1.50000000 218.19999695
395.39999390 39.12616348 44.98212433 92.37999725 -7.40000010 -1.39999998 218.10000610
395.50000000 39.12567902 44.98175430 91.11000061 -8.00000000 -1.29999995 218.10000610
395.60998535 39.12519836 44.98138046 89.97000122 -8.60000038 -1.29999995 218.10000610
395.72000122 39.12462234 44.98093414 88.83000183 -8.89999962 -1.10000002 218.10000610
395.82000732 39.12413788 44.98056030 88.13999939 -9.10000038 -0.89999998 218.10000610
395.92001343 39.12366104 44.98019028 87.75000000 -8.89999962 -0.60000002 218.00000000
396.01998901 39.12318039 44.97981644 87.69000244 -8.19999981 -0.30000001 218.00000000
396.13000488 39.12269592 44.97944260 88.01999664 -7.30000019 0.00000000 218.00000000
396.23001099 39.12212372 44.97899628 88.97000122 -6.50000000 0.50000000 218.00000000
396.33999634 39.12164307 44.97862244 90.23000336 -5.40000010 0.89999998 218.00000000
396.45001221 39.12116241 44.97824860 91.97000122 -4.59999990 1.39999998 218.00000000
396.55999756 39.12058258 44.97780228 94.65000153 -3.70000005 2.00000000 218.00000000
396.66000366 39.12010193 44.97743225 97.37999725 -2.79999995 2.40000010 218.10000610
396.76000977 39.11962128 44.97705841 100.58000183 -2.09999990 2.90000010 218.10000610
396.85998535 39.11914444 44.97668839 104.19000244 -1.39999998 3.29999995 218.10000610
396.97000122 39.11865997 44.97631454 108.25000000 -0.89999998 3.79999995 218.10000610
397.07998657 39.11808777 44.97586823 113.62999725 -0.60000002 4.30000019 218.10000610
397.19000244 39.11760712 44.97549820 118.52999878 -0.10000000 4.69999981 218.10000610
397.29000854 39.11712646 44.97512817 123.81999969 0.00000000 5.09999990 218.10000610
397.39001465 39.11655045 44.97468567 130.63000488 0.30000001 5.50000000 218.10000610
397.50000000 39.11606979 44.97431183 136.66999817 0.50000000 5.90000010 218.10000610
397.60998535 39.11549759 44.97386932 144.38999939 0.50000000 6.30000019 218.10000610
397.72000122 39.11502075 44.97349930 151.19000244 0.60000002 6.69999981 218.00000000
397.82000732 39.11454010 44.97312927 158.30999756 0.60000002 7.00000000 218.00000000
397.92999268 39.11396790 44.97268295 167.30999756 0.40000001 7.40000010 218.00000000
398.04000854 39.11349487 44.97231293 175.16999817 0.20000000 7.80000019 217.89999390
398.14001465 39.11301804 44.97194672 183.33999634 0.00000000 8.10000038 217.89999390
398.25000000 39.11244965 44.97150040 193.53999329 -0.30000001 8.50000000 218.00000000
398.35998535 39.11197281 44.97113419 202.33000183 -0.50000000 8.80000019 218.00000000
398.47000122 39.11149597 44.97076416 211.21000671 -0.60000002 9.00000000 218.10000610
398.57000732 39.11102295 44.97039413 220.08999634 -0.60000002 9.10000038 218.10000610
398.67001343 39.11045074 44.96995163 230.72999573 -0.60000002 9.10000038 218.10000610
398.76998901 39.10997391 44.96958542 239.58000183 -0.60000002 9.10000038 218.10000610
398.88000488 39.10949707 44.96921539 248.39999390 -0.50000000 9.00000000 218.10000610
398.98999023 39.10902023 44.96884918 257.17999268 -0.20000000 9.00000000 218.19999695
399.10000610 39.10844803 44.96840668 267.61999512 0.10000000 8.89999962 218.30000305
399.20001221 39.10796738 44.96804047 276.20001221 0.50000000 8.89999962 218.39999390
399.30999756 39.10739136 44.96759796 286.26998901 1.00000000 8.69999981 218.50000000
399.42001343 39.10691071 44.96723175 294.42999268 1.39999998 8.50000000 218.60000610
399.51998901 39.10643005 44.96686554 302.32000732 1.79999995 8.30000019 218.69999695
399.64001465 39.10584641 44.96642685 311.35000610 2.40000010 7.90000010 218.89999390
399.75000000 39.10526276 44.96598816 319.80999756 3.00000000 7.50000000 219.00000000
399.85998535 39.10477448 44.96562195 326.35998535 3.79999995 7.00000000 219.19999695
399.97000122 39.10428238 44.96525955 332.39999390 4.30000019 6.50000000 219.30000305
400.07998657 39.10369492 44.96482086 338.95001221 5.00000000 5.90000010 219.30000305
400.17999268 39.10320282 44.96445465 343.76998901 5.50000000 5.40000010 219.39999390
400.27999878 39.10270691 44.96409225 348.01000977 6.00000000 4.80000019 219.39999390
400.39001465 39.10211563 44.96365356 352.29998779 6.40000010 4.09999990 219.39999390
400.50000000 39.10161972 44.96328735 355.22000122 6.69999981 3.50000000 219.39999390
400.60000610 39.10112381 44.96292496 357.54000854 6.80000019 2.79999995 219.39999390
400.70001221 39.10063171 44.96255875 359.27999878 6.59999990 2.20000005 219.39999390
400.79998779 39.10013962 44.96219254 360.45001221 6.19999981 1.70000005 219.30000305
400.91000366 39.09964371 44.96182632 361.05999756 5.50000000 1.00000000 219.19999695
401.01000977 39.09905243 44.96138382 361.07998657 4.90000010 0.40000001 219.10000610
401.11999512 39.09856033 44.96101761 360.51000977 3.79999995 -0.10000000 219.00000000
401.23001099 39.09807205 44.96064758 359.42001343 2.50000000 -0.69999999 218.89999390
401.33999634 39.09748459 44.96020508 357.42999268 1.20000005 -1.29999995 218.69999695
401.44000244 39.09699631 44.95983505 355.22000122 -0.10000000 -1.79999995 218.60000610
401.54998779 39.09651184 44.95946503 352.51998901 -1.70000005 -2.40000010 218.39999390
401.64999390 39.09593201 44.95901871 348.64001465 -3.09999990 -2.90000010 218.10000610
401.76000977 39.09544754 44.95864487 344.92999268 -4.40000010 -3.40000010 217.89999390
401.86999512 39.09497070 44.95827103 340.82998657 -5.69999981 -3.90000010 217.60000610
401.97000122 39.09449768 44.95789337 336.42001343 -7.09999990 -4.19999981 217.19999695
402.07000732 39.09393311 44.95743942 330.89001465 -8.69999981 -4.50000000 216.80000305
402.17001343 39.09346390 44.95706177 326.29000854 -10.00000000 -4.69999981 216.50000000
402.27999878 39.09299850 44.95667648 321.82998657 -11.50000000 -4.59999990 216.30000305
402.38000488 39.09253311 44.95629501 317.44000244 -12.80000019 -4.50000000 216.30000305
402.48999023 39.09206772 44.95591354 313.07000732 -13.80000019 -4.50000000 216.30000305
402.58999634 39.09160614 44.95552826 308.76998901 -14.50000000 -4.40000010 216.30000305
402.69000244 39.09104919 44.95507050 303.77999878 -15.30000019 -4.30000019 216.19999695
402.79998779 39.09058380 44.95468521 299.82998657 -15.39999962 -4.19999981 216.10000610
402.89999390 39.09012222 44.95429993 296.14999390 -15.39999962 -4.00000000 216.10000610
403.00000000 39.08966064 44.95391846 292.79998779 -14.89999962 -3.70000005 216.00000000
403.10998535 39.08920288 44.95353317 289.85000610 -13.80000019 -3.29999995 215.89999390
403.20999146 39.08865356 44.95307541 286.94000244 -12.69999981 -2.79999995 215.89999390
403.32000732 39.08820343 44.95270157 285.07000732 -11.10000038 -2.40000010 216.00000000
403.42999268 39.08775711 44.95233154 283.70999146 -9.50000000 -1.79999995 216.19999695
403.54000854 39.08722687 44.95188904 282.76000977 -7.80000019 -1.20000005 216.50000000
403.64001465 39.08678436 44.95153046 282.50000000 -5.90000010 -0.69999999 216.69999695
403.73999023 39.08634186 44.95117188 282.67999268 -4.00000000 -0.20000000 217.10000610
403.85000610 39.08590317 44.95082092 283.23001099 -2.00000000 0.30000001 217.50000000
403.95001221 39.08546448 44.95047760 284.10000610 0.40000001 0.69999999 217.89999390
404.04998779 39.08493805 44.95006943 285.42999268 3.09999990 1.00000000 218.39999390
404.16000366 39.08449554 44.94973373 286.66000366 6.00000000 1.29999995 218.80000305
404.26000977 39.08405685 44.94940186 287.92001343 8.80000019 1.39999998 219.19999695
404.36999512 39.08361435 44.94907379 289.11999512 11.80000019 1.39999998 219.50000000
404.47000122 39.08308411 44.94868851 290.42999268 14.80000019 1.29999995 219.80000305
404.57998657 39.08264542 44.94836807 291.36999512 17.70000076 1.20000005 220.10000610
404.67999268 39.08220291 44.94805145 292.14999390 20.10000038 1.00000000 220.30000305
404.79000854 39.08176422 44.94773483 292.73999023 22.20000076 0.80000001 220.50000000
404.89001465 39.08124161 44.94736481 293.14999390 23.79999924 0.60000002 220.80000305
404.98999023 39.08080292 44.94705582 293.17999268 24.79999924 0.30000001 221.10000610
405.10000610 39.08036423 44.94675446 292.79000854 25.60000038 -0.10000000 221.69999695
