305.07998657 39.05558395 44.82543945 334.70001221 0.00000000 0.00000000 345.60000610
305.14999390 39.05554199 44.82557297 333.69000244 0.00000000 0.00000000 345.70001221
305.26998901 39.05545807 44.82584000 330.97000122 0.00000000 0.00000000 345.89999390
305.39999390 39.05537033 44.82615280 326.64999390 0.00000000 -6.09999990 347.79998779
305.51998901 39.05529785 44.82641983 322.04998779 0.00000000 -7.69999981 351.29998779
305.64999390 39.05524445 44.82673645 318.42999268 0.00000000 -7.19999981 355.39999390
305.76998901 39.05524063 44.82701111 319.17999268 0.00000000 -2.50000000 359.00000000
305.89999390 39.05526352 44.82728577 321.44000244 0.00000000 2.79999995 2.59999990
306.04000854 39.05532455 44.82764053 326.32998657 0.00000000 5.90000010 5.69999981
306.17001343 39.05542755 44.82804108 334.79998779 0.00000000 9.10000038 7.90000010
306.29998779 39.05554199 44.82841110 345.16000366 0.00000000 12.19999981 9.80000019
306.44000244 39.05570984 44.82888412 361.00000000 0.00000000 15.30000019 11.89999962
306.57998657 39.05592728 44.82938766 381.07000732 0.00000000 17.79999924 14.19999981
306.73001099 39.05623627 44.82999802 408.97000122 0.00000000 20.29999924 17.10000038
306.82998657 39.05646515 44.83039856 428.95001221 0.00000000 21.70000076 18.89999962
306.92999268 39.05672455 44.83081436 450.73001099 0.00000000 22.60000038 20.79999924
307.02999878 39.05701828 44.83124542 474.10998535 0.00000000 23.29999924 22.70000076
307.14001465 39.05734634 44.83168793 498.86999512 90.00000000 23.79999924 24.50000000
307.29000854 39.05794525 44.83242416 540.70001221 90.00000000 23.89999962 27.10000038
307.39999390 39.05836868 44.83290482 567.79998779 90.00000000 23.60000038 28.60000038
307.50000000 39.05883026 44.83339691 595.28002930 85.30000305 23.10000038 29.89999962
307.60998535 39.05932617 44.83390808 622.88000488 79.40000153 22.39999962 30.89999962
307.72000122 39.05996704 44.83454514 655.76000977 76.09999847 21.29999924 31.89999962
307.82000732 39.06054306 44.83509445 682.70001221 74.19999695 20.39999962 32.40000153
307.92999268 39.06127167 44.83578110 714.21002197 72.80000305 19.10000038 32.79999924
308.04000854 39.06190491 44.83637619 739.53997803 70.09999847 17.79999924 32.90000153
308.17999268 39.06280899 44.83721924 772.40002441 65.40000153 16.10000038 32.70000076
308.35000610 39.06396866 44.83832169 809.90002441 58.50000000 14.30000019 31.89999962
308.50000000 39.06485367 44.83919525 835.70001221 49.59999847 12.89999962 30.89999962
308.67999268 39.06596756 44.84033966 865.33001709 35.59999847 11.19999981 29.20000076
308.82000732 39.06680679 44.84124756 886.80999756 23.50000000 10.39999962 29.00000000
