311.32998657 39.15665054 44.88402176 767.20001221 0.00000000 0.00000000 233.80000305
311.45999146 39.15627289 44.88385773 765.84997559 0.00000000 0.00000000 233.80000305
311.57998657 39.15586472 44.88367844 764.40002441 0.00000000 -2.20000005 233.80000305
311.70999146 39.15542603 44.88349152 762.79998779 0.00000000 -2.20000005 233.80000305
311.82998657 39.15496445 44.88328934 761.08001709 0.00000000 -2.29999995 235.00000000
311.95001221 39.15446091 44.88308716 758.89001465 0.00000000 -2.50000000 238.10000610
312.05999756 39.15391541 44.88289642 756.28997803 0.00000000 -2.90000010 241.19999695
312.17999268 39.15332794 44.88271332 753.30999756 0.00000000 -3.20000005 244.00000000
312.29998779 39.15269470 44.88254547 749.89001465 0.00000000 -3.50000000 246.69999695
312.42001343 39.15202332 44.88238907 745.90997314 0.00000000 -3.90000010 249.19999695
312.54998779 39.15130997 44.88224792 741.30999756 0.00000000 -4.30000019 251.60000610
312.66000366 39.15055847 44.88212204 735.94000244 0.00000000 -4.80000019 253.89999390
312.77999878 39.14976883 44.88201523 729.76000977 0.00000000 -5.30000019 256.10000610
312.91000366 39.14894104 44.88191986 722.59997559 0.00000000 -5.90000010 258.10000610
313.01998901 39.14808273 44.88184738 714.28002930 0.00000000 -6.50000000 260.10000610
313.14001465 39.14718628 44.88179398 704.48999023 0.00000000 -7.30000019 261.89999390
313.25000000 39.14625931 44.88174438 693.91998291 0.00000000 -7.90000010 260.60000610
313.36999512 39.14546204 44.88169098 685.42999268 90.00000000 -7.90000010 260.29998779
313.48001099 39.14447403 44.88162613 674.78997803 90.00000000 -7.69999981 260.20001221
313.60000610 39.14345551 44.88155746 663.57000732 90.00000000 -7.80000019 260.10000610
313.72000122 39.14240265 44.88148117 651.90002441 90.00000000 -7.90000010 259.79998779
313.83999634 39.14131927 44.88140106 640.01000977 86.69999695 -7.90000010 259.29998779
313.95999146 39.14020538 44.88130951 628.11999512 70.30000305 -7.80000019 258.79998779
314.07998657 39.13906097 44.88120651 616.50000000 52.09999847 -7.50000000 258.10000610
314.19000244 39.13788223 44.88109207 605.38000488 35.79999924 -7.09999990 257.29998779
314.32000732 39.13667297 44.88096237 594.95001221 19.79999924 -6.50000000 256.50000000
314.42999268 39.13543320 44.88081741 585.36999512 7.80000019 -5.90000010 255.69999695
314.54000854 39.13437653 44.88068390 578.27001953 -2.40000010 -5.30000019 255.10000610
314.66000366 39.13308334 44.88050461 571.07000732 -13.30000019 -4.40000010 254.30000305
314.76998901 39.13198090 44.88034439 566.05999756 -21.29999924 -3.70000005 253.60000610
314.88000488 39.13064575 44.88013458 561.14001465 -28.39999962 -3.00000000 252.89999390
314.98999023 39.12931061 44.87992096 557.28997803 -34.00000000 -2.40000010 252.80000305
315.10000610 39.12820053 44.87974167 554.19000244 -36.90000153 -2.09999990 252.80000305
315.20999146 39.12686539 44.87952423 550.52001953 -38.50000000 -2.00000000 252.80000305
315.32000732 39.12575150 44.87934113 547.55999756 -38.90000153 -1.89999998 252.80000305
315.42999268 39.12442017 44.87912750 544.19000244 -38.59999847 -1.79999995 252.80000305
315.54000854 39.12330627 44.87894440 541.59002686 -37.00000000 -1.70000005 252.80000305
315.66000366 39.12197113 44.87872696 538.78002930 -34.00000000 -1.60000002 252.69999695
315.76998901 39.12063599 44.87850952 536.34002686 -30.39999962 -1.39999998 252.69999695
315.88000488 39.11952591 44.87833023 534.61999512 -25.60000038 -1.20000005 252.60000610
315.98999023 39.11819458 44.87810898 532.92999268 -20.60000038 -1.00000000 252.60000610
316.10000610 39.11708450 44.87792587 531.80999756 -16.39999962 -0.80000001 252.50000000
316.20999146 39.11575317 44.87770462 530.76000977 -12.39999962 -0.69999999 252.39999390
316.32000732 39.11464310 44.87751770 530.09002686 -9.60000038 -0.50000000 252.30000305
316.44000244 39.11331177 44.87728882 529.46997070 -6.90000010 -0.40000001 252.19999695
316.54998779 39.11220169 44.87710190 529.04998779 -5.40000010 -0.30000001 252.10000610
316.67999268 39.11064911 44.87683487 528.48999023 -4.19999981 -0.30000001 252.10000610
316.79000854 39.10931778 44.87660599 528.03002930 -3.90000010 -0.20000000 252.10000610
316.92999268 39.10776520 44.87633896 527.54998779 -4.00000000 -0.20000000 252.00000000
317.04000854 39.10665894 44.87614822 527.27001953 -4.19999981 -0.20000000 252.00000000
317.14999390 39.10533142 44.87591934 527.03997803 -4.50000000 -0.20000000 251.89999390
317.26000977 39.10422134 44.87572479 526.97998047 -4.59999990 -0.10000000 251.80000305
317.44000244 39.10223007 44.87537384 527.79998779 -4.59999990 0.20000000 251.60000610
317.55999756 39.10090256 44.87513351 529.25000000 -4.69999981 0.50000000 251.30000305
317.67001343 39.09957886 44.87488937 531.41998291 -5.00000000 0.89999998 250.89999390
317.77999878 39.09847641 44.87468338 533.69000244 -5.50000000 1.20000005 250.60000610
317.89001465 39.09715652 44.87442780 536.60998535 -6.40000010 1.50000000 250.50000000
318.00000000 39.09605408 44.87421799 538.73999023 -7.09999990 1.50000000 250.80000305
318.10998535 39.09495544 44.87401199 540.71002197 -7.59999990 1.29999995 250.80000305
318.20999146 39.09363174 44.87376022 543.08001709 -8.00000000 1.29999995 250.80000305
318.33999634 39.09230804 44.87351227 545.48999023 -8.39999962 1.29999995 250.80000305
318.44000244 39.09120941 44.87330246 547.59002686 -8.80000019 1.29999995 250.69999695
318.54998779 39.09011078 44.87309265 549.79998779 -8.80000019 1.39999998 250.69999695
318.66000366 39.08878708 44.87284088 552.65002441 -8.39999962 1.50000000 250.69999695
318.76998901 39.08746719 44.87258911 555.78997803 -7.50000000 1.60000002 250.60000610
318.88000488 39.08636475 44.87237930 558.65997314 -6.09999990 1.70000005 250.50000000
318.98999023 39.08504486 44.87212372 562.44000244 -5.09999990 1.89999998 250.39999390
319.10000610 39.08394623 44.87191010 565.88000488 -4.40000010 2.09999990 250.39999390
319.20999146 39.08262634 44.87165451 570.39001465 -3.79999995 2.29999995 250.30000305
319.32000732 39.08152771 44.87143707 574.44000244 -3.40000010 2.40000010 250.19999695
319.42999268 39.08021164 44.87117767 579.65002441 -3.00000000 2.59999990 250.19999695
319.54000854 39.07911301 44.87096405 584.26000977 -2.79999995 2.79999995 250.10000610
319.66000366 39.07779694 44.87070084 590.09002686 -2.79999995 3.00000000 250.00000000
319.76998901 39.07647705 44.87043762 596.21002197 -3.20000005 3.20000005 250.00000000
319.89999390 39.07516479 44.87017441 602.55999756 -3.70000005 3.29999995 250.00000000
320.02999878 39.07384872 44.86991119 608.97998047 -4.00000000 3.40000010 250.00000000
320.14001465 39.07253265 44.86965179 615.41998291 -4.00000000 3.40000010 250.00000000
320.25000000 39.07122040 44.86938858 621.90997314 -3.90000010 3.40000010 250.00000000
320.36999512 39.06990433 44.86912155 628.47998047 -3.70000005 3.50000000 249.89999390
320.48999023 39.06880951 44.86890411 634.03997803 -3.50000000 3.50000000 249.89999390
320.60000610 39.06749344 44.86863708 640.83001709 -3.20000005 3.59999990 249.89999390
320.72000122 39.06617737 44.86837387 647.78002930 -2.70000005 3.59999990 249.89999390
320.82998657 39.06486511 44.86811066 654.90002441 -2.40000010 3.70000005 249.80000305
320.95001221 39.06376648 44.86788940 660.96997070 -2.00000000 3.79999995 249.80000305
321.05999756 39.06245041 44.86762238 668.41998291 -1.79999995 3.90000010 249.80000305
321.17999268 39.06113434 44.86735535 676.03997803 -1.60000002 4.00000000 249.69999695
321.29998779 39.05982208 44.86708832 683.84002686 -1.50000000 4.09999990 249.69999695
321.42001343 39.05850983 44.86682129 691.78997803 -1.39999998 4.19999981 249.60000610
321.54998779 39.05719757 44.86655045 699.88000488 -1.39999998 4.30000019 249.60000610
321.67001343 39.05588150 44.86628342 708.09997559 -1.60000002 4.30000019 249.60000610
321.77999878 39.05456924 44.86601257 716.45001221 -1.70000005 4.40000010 249.50000000
321.89001465 39.05325699 44.86574173 724.92999268 -1.79999995 4.40000010 249.50000000
322.01000977 39.05216217 44.86551666 732.10998535 -2.00000000 4.50000000 249.39999390
322.11999512 39.05084991 44.86524200 740.89001465 -2.20000005 4.59999990 249.30000305
322.23999023 39.04954147 44.86496735 749.86999512 -2.40000010 4.69999981 249.19999695
322.35000610 39.04823303 44.86469269 759.09997559 -2.59999990 4.80000019 249.10000610
322.47000122 39.04694748 44.86441803 768.44000244 -2.90000010 5.00000000 248.89999390
322.58999634 39.04590988 44.86419678 776.34002686 -3.20000005 5.09999990 248.89999390
322.70999146 39.04449844 44.86389160 787.64001465 -3.59999990 5.40000010 248.89999390
322.83999634 39.04333115 44.86364365 797.60998535 -3.90000010 5.69999981 249.00000000
322.95999146 39.04219818 44.86340332 807.89001465 -4.00000000 6.09999990 249.10000610
323.07998657 39.04110718 44.86317062 818.53997803 -3.79999995 6.50000000 249.39999390
323.20001221 39.04005432 44.86295319 829.67999268 -3.20000005 7.00000000 249.69999695
