174.53999329 39.28109741 45.05580902 1336.71997070 0.00000000 0.00000000 68.00000000
174.69000244 39.28150177 45.05590820 1333.38000488 0.00000000 0.00000000 68.90000153
174.83000183 39.28190613 45.05600357 1330.29003906 0.00000000 -5.40000010 73.69999695
174.97000122 39.28231430 45.05609131 1327.10998535 0.00000000 -5.40000010 79.50000000
175.10000610 39.28273392 45.05612564 1321.70996094 0.00000000 -7.50000000 85.30000305
175.22999573 39.28309250 45.05612564 1316.69995117 0.00000000 -9.60000038 90.30000305
175.36999512 39.28354263 45.05609894 1310.11999512 0.00000000 -10.30000019 95.80000305
175.50999451 39.28402710 45.05603790 1303.10998535 0.00000000 -10.39999962 100.80000305
175.66999817 39.28462219 45.05591583 1295.11999512 0.00000000 -9.60000038 106.00000000
175.78999329 39.28509521 45.05578995 1289.16003418 0.00000000 -8.89999962 109.59999847
175.89999390 39.28558731 45.05563736 1283.08996582 0.00000000 -8.39999962 112.30000305
176.08000183 39.28627777 45.05540085 1274.18005371 0.00000000 -8.30000019 112.40000153
176.22999573 39.28701782 45.05513763 1264.73999023 0.00000000 -8.30000019 113.19999695
176.36000061 39.28770447 45.05488968 1255.75000000 0.00000000 -8.30000019 113.59999847
176.49000549 39.28831863 45.05466080 1248.00000000 0.00000000 -8.19999981 113.90000153
176.64999390 39.28918076 45.05432892 1237.21997070 90.00000000 -8.00000000 114.40000153
176.78999329 39.28997421 45.05402374 1227.15002441 90.00000000 -8.00000000 114.19999695
176.91999817 39.29081345 45.05370331 1217.05004883 90.00000000 -7.80000019 113.59999847
177.07000732 39.29169464 45.05337906 1207.02001953 83.40000153 -7.50000000 113.09999847
177.21000671 39.29262161 45.05303955 1197.06005859 59.20000076 -7.09999990 112.80000305
177.35000610 39.29359055 45.05269241 1187.16003418 39.59999847 -6.69999981 112.50000000
177.47999573 39.29460144 45.05233002 1177.34997559 24.79999924 -6.40000010 112.19999695
177.64999390 39.29581451 45.05190659 1166.28002930 8.89999962 -6.09999990 111.90000153
177.86999512 39.29756927 45.05130386 1151.43994141 -4.90000010 -5.59999990 111.40000153
178.03999329 39.29908752 45.05078888 1139.80004883 -9.89999962 -5.19999981 111.00000000
178.17999268 39.30031967 45.05038071 1131.16003418 -12.89999962 -4.80000019 110.69999695
178.33000183 39.30159760 45.04996109 1122.96997070 -14.89999962 -4.40000010 110.40000153
178.49000549 39.30311203 45.04947281 1114.20996094 -16.20000076 -4.00000000 110.00000000
178.66000366 39.30488205 45.04891205 1105.13000488 -16.60000038 -3.50000000 109.59999847
178.82000732 39.30652237 45.04840088 1097.73999023 -16.20000076 -3.09999990 109.19999695
178.97999573 39.30799866 45.04795074 1091.79003906 -16.10000038 -2.79999995 108.90000153
179.14999390 39.30989838 45.04737854 1084.84997559 -16.50000000 -2.50000000 108.69999695
179.30000305 39.31138229 45.04693222 1079.79003906 -16.29999924 -2.40000010 108.69999695
179.44000244 39.31286240 45.04648590 1074.93994141 -15.69999981 -2.20000005 108.69999695
179.58000183 39.31434250 45.04604340 1070.32995605 -14.69999981 -2.09999990 108.69999695
179.72999573 39.31603622 45.04553223 1065.34997559 -13.39999962 -2.00000000 108.69999695
179.88000488 39.31751633 45.04508972 1061.18005371 -11.50000000 -1.89999998 108.69999695
180.02000427 39.31899643 45.04464340 1057.09997559 -9.30000019 -1.89999998 108.80000305
180.16000366 39.32047653 45.04419708 1053.03002930 -6.90000010 -1.79999995 108.80000305
180.30000305 39.32195663 45.04375076 1048.93005371 -4.90000010 -1.79999995 108.80000305
180.44000244 39.32364655 45.04323959 1044.17004395 -3.00000000 -1.89999998 108.80000305
180.58000183 39.32491684 45.04285431 1040.55004883 -1.60000002 -1.89999998 108.90000153
180.74000549 39.32660675 45.04234314 1035.65002441 -0.20000000 -1.89999998 108.90000153
180.88000488 39.32830048 45.04183197 1030.68005371 0.50000000 -2.00000000 108.90000153
181.00999451 39.32956696 45.04144669 1026.94995117 0.89999998 -2.00000000 108.90000153
181.13999939 39.33083725 45.04106140 1023.21997070 0.89999998 -2.00000000 108.90000153
181.27000427 39.33231735 45.04061508 1018.88000488 0.80000001 -2.00000000 108.90000153
181.38999939 39.33358765 45.04022980 1015.19000244 0.69999999 -2.00000000 108.90000153
181.52000427 39.33485413 45.03984833 1011.53002930 0.60000002 -1.89999998 108.80000305
181.64999390 39.33633423 45.03939819 1007.34002686 0.50000000 -1.89999998 108.80000305
181.80000305 39.33802795 45.03888702 1002.65002441 0.30000001 -1.89999998 108.80000305
181.94000244 39.33929443 45.03850555 999.22998047 0.10000000 -1.79999995 108.80000305
182.05999756 39.34077454 45.03805542 995.34002686 0.00000000 -1.79999995 108.80000305
182.19000244 39.34204102 45.03767395 992.09002686 -0.10000000 -1.70000005 108.80000305
182.30999756 39.34331131 45.03728867 988.84002686 -0.20000000 -1.70000005 108.80000305
182.42999268 39.34458160 45.03690720 985.59997559 -0.20000000 -1.70000005 108.80000305
182.55000305 39.34584808 45.03652191 982.34997559 -0.30000001 -1.70000005 108.80000305
182.86999512 39.34923172 45.03550339 973.61999512 -0.40000001 -1.70000005 108.69999695
183.02000427 39.35092163 45.03499603 969.14001465 -0.40000001 -1.79999995 108.69999695
183.19000244 39.35261536 45.03448486 964.51000977 -0.50000000 -1.79999995 108.59999847
183.32000732 39.35388565 45.03410721 960.90002441 -0.69999999 -1.89999998 108.59999847
183.42999268 39.35515213 45.03372574 957.14001465 -0.89999998 -1.89999998 108.50000000
183.55000305 39.35642242 45.03334808 953.15997314 -1.20000005 -2.00000000 108.40000153
183.67999268 39.35769272 45.03297424 948.90002441 -1.50000000 -2.20000005 108.19999695
183.80000305 39.35896683 45.03260040 944.28002930 -2.00000000 -2.29999995 108.09999847
183.92999268 39.36045074 45.03216934 938.34002686 -2.70000005 -2.59999990 107.80000305
184.03999329 39.36172867 45.03180313 932.67999268 -3.59999990 -2.79999995 107.59999847
184.16000366 39.36300278 45.03144073 926.42999268 -4.50000000 -3.09999990 107.40000153
184.27999878 39.36428452 45.03108215 919.51000977 -5.50000000 -3.50000000 107.09999847
184.38999939 39.36534882 45.03078842 913.20001221 -6.50000000 -3.79999995 106.90000153
184.50999451 39.36663055 45.03043747 904.95001221 -7.69999981 -4.19999981 106.59999847
184.64999390 39.36812973 45.03003693 894.38000488 -9.19999981 -4.59999990 106.19999695
184.75999451 39.36941528 45.02969742 884.55999756 -10.50000000 -5.00000000 105.80000305
184.88999939 39.37070465 45.02936554 874.09997559 -11.89999962 -5.30000019 105.50000000
185.00000000 39.37177658 45.02909088 864.96002197 -13.00000000 -5.59999990 105.19999695
185.13000488 39.37328339 45.02871704 851.70001221 -14.50000000 -5.90000010 104.69999695
185.24000549 39.37436295 45.02845764 841.98999023 -15.50000000 -6.09999990 104.40000153
185.35000610 39.37565994 45.02814484 830.33001709 -16.60000038 -6.19999981 104.19999695
185.49000549 39.37717438 45.02778625 816.80999756 -17.39999962 -6.19999981 104.19999695
185.66999817 39.37911987 45.02732468 799.47998047 -17.70000076 -6.09999990 104.19999695
185.77999878 39.38041687 45.02701569 787.98999023 -17.50000000 -6.09999990 104.09999847
185.88000488 39.38150024 45.02676010 778.48999023 -16.89999962 -6.09999990 104.09999847
185.99000549 39.38258362 45.02650452 769.05999756 -15.89999962 -6.00000000 104.09999847
186.08999634 39.38366699 45.02624893 759.71002197 -14.60000038 -6.00000000 104.09999847
186.21000671 39.38496399 45.02593994 748.53997803 -12.89999962 -5.90000010 104.09999847
186.39999390 39.38689423 45.02548218 731.90997314 -9.39999962 -5.90000010 104.09999847
186.52000427 39.38816833 45.02518463 720.96002197 -7.30000019 -5.90000010 104.09999847
186.64999390 39.38963699 45.02483368 708.32000732 -5.40000010 -5.90000010 104.09999847
186.75999451 39.39088440 45.02453995 697.59002686 -3.79999995 -5.90000010 104.09999847
186.88000488 39.39191437 45.02429581 688.73999023 -2.59999990 -5.90000010 104.09999847
186.99000549 39.39313507 45.02400589 678.21002197 -1.70000005 -5.90000010 104.09999847
187.10000610 39.39434814 45.02371979 667.78002930 -0.89999998 -5.90000010 104.09999847
187.22000122 39.39534760 45.02348328 659.16998291 -0.40000001 -5.90000010 104.09999847
187.33000183 39.39653778 45.02320099 648.92999268 -0.20000000 -5.90000010 104.09999847
187.44999695 39.39771652 45.02292252 638.78997803 -0.10000000 -5.90000010 104.09999847
187.55999756 39.39869308 45.02269363 630.40997314 -0.10000000 -5.90000010 104.09999847
187.66999817 39.39984894 45.02241898 620.44000244 0.00000000 -5.90000010 104.09999847
187.77999878 39.40099716 45.02214813 610.57000732 0.00000000 -5.90000010 104.09999847
187.91000366 39.40213394 45.02187729 600.79998779 0.00000000 -5.90000010 104.09999847
188.02000427 39.40307236 45.02165604 592.72998047 0.00000000 -5.90000010 104.09999847
188.13000488 39.40418625 45.02139282 583.11999512 0.00000000 -5.90000010 104.09999847
188.24000549 39.40529251 45.02112961 573.60998535 0.00000000 -5.90000010 104.09999847
188.35000610 39.40620804 45.02091217 565.75000000 0.00000000 -5.90000010 104.09999847
188.47000122 39.40729141 45.02065659 556.40002441 0.00000000 -5.90000010 104.09999847
188.58000183 39.40837097 45.02040100 547.13000488 0.00000000 -5.90000010 104.09999847
188.72000122 39.40961456 45.02010727 536.42999268 0.00000000 -5.90000010 104.09999847
188.83000183 39.41049194 45.01989746 528.85998535 0.10000000 -5.90000010 104.09999847
188.94999695 39.41153717 45.01964951 519.85998535 0.00000000 -5.90000010 104.09999847
189.05999756 39.41257477 45.01940536 510.92999268 0.00000000 -5.90000010 104.09999847
189.17999268 39.41343307 45.01919937 503.55999756 0.00000000 -5.90000010 104.09999847
189.28999329 39.41445160 45.01895905 494.79000854 0.00000000 -5.90000010 104.09999847
189.39999390 39.41546249 45.01872253 486.08999634 0.00000000 -5.90000010 104.09999847
189.52000427 39.41646194 45.01848221 477.48001099 0.10000000 -5.90000010 104.09999847
189.63000488 39.41728973 45.01828766 470.35998535 0.00000000 -5.90000010 104.09999847
189.75999451 39.41843796 45.01801300 460.48001099 0.00000000 -5.90000010 104.09999847
189.88000488 39.41941071 45.01778412 452.10000610 0.00000000 -5.90000010 104.09999847
190.00000000 39.42021561 45.01759338 445.17001343 0.00000000 -5.90000010 104.09999847
190.11000061 39.42117310 45.01736832 436.92999268 0.00000000 -5.90000010 104.09999847
190.22000122 39.42196655 45.01717758 430.10998535 0.00000000 -5.90000010 104.09999847
190.50999451 39.42430878 45.01662445 409.95999146 0.00000000 -5.90000010 104.09999847
190.66999817 39.42553711 45.01633453 399.39001465 0.00000000 -5.90000010 104.09999847
190.77999878 39.42644501 45.01611710 391.54998779 0.00000000 -5.90000010 104.09999847
190.91000366 39.42734909 45.01590347 383.76998901 0.00000000 -5.90000010 104.09999847
191.02999878 39.42824554 45.01568985 376.07000732 0.00000000 -5.90000010 104.09999847
191.17999268 39.42942810 45.01541138 365.89001465 0.00000000 -5.90000010 104.09999847
191.28999329 39.43016052 45.01523590 359.58999634 0.00000000 -5.90000010 104.09999847
191.39999390 39.43103027 45.01502991 352.08999634 -0.10000000 -5.90000010 104.09999847
191.50999451 39.43175125 45.01485825 345.88000488 0.00000000 -5.90000010 104.09999847
191.61999512 39.43246841 45.01469040 339.72000122 0.00000000 -5.90000010 104.09999847
191.72000122 39.43331909 45.01448822 332.39001465 0.00000000 -5.90000010 104.09999847
191.83000183 39.43402481 45.01432037 326.32000732 -0.10000000 -5.90000010 104.09999847
191.92999268 39.43472290 45.01415634 320.29998779 -0.10000000 -5.90000010 104.09999847
192.08000183 39.43583298 45.01389313 310.75000000 0.00000000 -5.90000010 104.09999847
192.19000244 39.43652344 45.01372910 304.82998657 0.00000000 -5.90000010 104.09999847
192.33999634 39.43747711 45.01350403 296.61999512 0.00000000 -5.90000010 104.09999847
192.44000244 39.43828583 45.01330948 289.64001465 0.00000000 -5.90000010 104.09999847
192.53999329 39.43895721 45.01315308 283.85998535 0.00000000 -5.90000010 104.09999847
192.66999817 39.43975449 45.01296234 276.98999023 0.10000000 -5.90000010 104.09999847
192.80999756 39.44068146 45.01274109 269.02999878 0.10000000 -5.90000010 104.09999847
192.94999695 39.44159698 45.01252365 261.14999390 0.10000000 -5.90000010 104.09999847
193.07000732 39.44237137 45.01234055 254.46000671 0.00000000 -5.90000010 104.09999847
193.19999695 39.44327164 45.01212692 246.71000671 0.10000000 -5.90000010 104.09999847
193.35000610 39.44416428 45.01191711 239.03999329 0.00000000 -5.90000010 104.09999847
193.49000549 39.44504929 45.01170731 231.42999268 0.00000000 -5.90000010 104.09999847
193.63999939 39.44592285 45.01149750 223.88999939 0.00000000 -5.90000010 104.09999847
193.77999878 39.44679260 45.01129150 216.41999817 0.00000000 -5.90000010 104.09999847
193.88000488 39.44752884 45.01111603 210.07000732 0.00000000 -5.90000010 104.09999847
194.02999878 39.44838333 45.01091385 202.72000122 0.00000000 -5.90000010 104.09999847
194.16999817 39.44923019 45.01071548 195.44000244 -0.10000000 -5.90000010 104.09999847
194.30999756 39.45006943 45.01051331 188.21000671 0.00000000 -5.90000010 104.09999847
194.41999817 39.45078278 45.01034546 182.07000732 0.00000000 -5.90000010 104.09999847
194.55999756 39.45160675 45.01015091 174.97000122 0.00000000 -5.90000010 104.09999847
194.67999268 39.45230865 45.00998306 168.92999268 0.00000000 -5.90000010 104.09999847
194.82000732 39.45312119 45.00978851 161.92999268 0.00000000 -5.90000010 104.09999847
194.96000671 39.45381165 45.00962448 155.97999573 0.10000000 -5.90000010 104.09999847
195.08999634 39.45461273 45.00943756 149.10000610 0.00000000 -5.90000010 104.09999847
195.22000122 39.45540619 45.00925064 142.27000427 0.00000000 -5.90000010 104.09999847
195.35000610 39.45607758 45.00909042 136.47999573 0.00000000 -5.90000010 104.09999847
195.49000549 39.45685577 45.00890350 129.77999878 0.10000000 -5.90000010 104.09999847
195.61999512 39.45762634 45.00872040 123.15000153 0.00000000 -5.90000010 104.09999847
195.75999451 39.45827866 45.00856781 117.51999664 0.00000000 -5.90000010 104.09999847
195.88999939 39.45903778 45.00838852 111.05000305 -0.10000000 -5.90000010 104.09999847
196.02000427 39.45978546 45.00820923 104.68000031 -0.10000000 -5.90000010 104.09999847
196.13000488 39.46031570 45.00808334 100.19999695 0.00000000 -5.80000019 104.09999847
196.25000000 39.46094513 45.00793457 94.90000153 0.10000000 -5.80000019 104.09999847
196.36999512 39.46157455 45.00778198 89.66000366 0.10000000 -5.80000019 104.09999847
196.49000549 39.46219254 45.00763702 84.51000214 -0.10000000 -5.69999981 104.09999847
196.64999390 39.46301651 45.00744247 77.73999786 0.00000000 -5.69999981 104.09999847
196.82000732 39.46392822 45.00722504 70.27999878 0.10000000 -5.59999990 104.09999847
196.92999268 39.46443176 45.00710678 66.19999695 0.10000000 -5.59999990 104.09999847
197.05999756 39.46512985 45.00693893 60.56000137 0.00000000 -5.59999990 104.09999847
197.19000244 39.46572113 45.00680161 55.79999924 -0.20000000 -5.50000000 104.09999847
197.30999756 39.46631241 45.00666046 51.09000015 -0.20000000 -5.50000000 104.09999847
197.44000244 39.46689606 45.00652313 46.45000076 -0.10000000 -5.50000000 104.09999847
197.57000732 39.46757126 45.00636292 41.11000061 -0.10000000 -5.40000010 104.09999847
