151.58000183 39.07341766 44.93157196 462.60998535 0.00000000 0.00000000 141.10000610
151.63999939 39.07350922 44.93147659 462.76998901 0.00000000 0.00000000 141.10000610
151.77000427 39.07374954 44.93123245 463.02999878 0.00000000 0.00000000 141.10000610
151.89999390 39.07398224 44.93099213 463.07998657 0.00000000 0.30000001 141.10000610
152.02999878 39.07429123 44.93067551 462.94000244 0.00000000 -0.10000000 141.10000610
152.17999268 39.07463837 44.93032455 462.39001465 0.00000000 -0.50000000 141.10000610
152.30999756 39.07495880 44.92999649 461.73999023 0.00000000 -0.80000001 141.10000610
152.42999268 39.07537079 44.92957306 461.29000854 0.00000000 -0.60000002 141.10000610
152.55999756 39.07575226 44.92918396 461.26998901 0.00000000 -0.20000000 141.10000610
152.72000122 39.07630539 44.92862320 461.86999512 0.00000000 0.30000001 141.10000610
152.86999512 39.07690048 44.92801285 463.14001465 0.00000000 0.69999999 141.10000610
153.00000000 39.07738113 44.92752075 464.22000122 0.00000000 0.89999998 141.10000610
153.13000488 39.07788467 44.92700577 465.33999634 0.00000000 0.89999998 141.10000610
153.25999451 39.07850647 44.92636871 466.73001099 0.00000000 0.89999998 141.10000610
153.44000244 39.07936096 44.92549515 468.60998535 0.00000000 0.89999998 141.10000610
153.58000183 39.08007050 44.92477036 470.14999390 0.20000000 0.89999998 141.10000610
153.71000671 39.08070374 44.92412186 471.51000977 0.30000001 0.89999998 141.19999695
153.83000183 39.08136368 44.92344666 472.89999390 0.20000000 0.89999998 141.19999695
153.94999695 39.08213806 44.92265320 474.54000854 0.30000001 0.89999998 141.30000305
154.08999634 39.08280563 44.92197037 475.95999146 0.30000001 0.89999998 141.39999390
154.21000671 39.08357620 44.92117310 477.66000366 0.60000002 0.89999998 141.60000610
154.63999939 39.08585358 44.91875839 483.04000854 3.70000005 1.00000000 142.80000305
154.75999451 39.08648682 44.91806412 484.55999756 5.30000019 1.00000000 143.30000305
154.89999390 39.08721924 44.91724396 486.22000122 7.90000010 0.89999998 143.89999390
155.02999878 39.08793640 44.91642380 487.67999268 10.69999981 0.80000001 144.50000000
155.17999268 39.08864212 44.91559601 488.85000610 14.30000019 0.69999999 145.19999695
155.32000732 39.08933640 44.91476440 489.77999878 17.10000038 0.50000000 145.19999695
155.44999695 39.08993530 44.91405106 490.57998657 19.20000076 0.50000000 145.19999695
155.58000183 39.09062958 44.91321945 491.50000000 21.60000038 0.50000000 145.19999695
155.74000549 39.09142685 44.91226578 492.54998779 23.10000038 0.50000000 145.19999695
155.97000122 39.09262085 44.91083908 494.10998535 21.39999962 0.50000000 145.19999695
156.11000061 39.09331512 44.91000748 495.01998901 18.89999962 0.50000000 145.19999695
156.25999451 39.09401321 44.90917587 495.92001343 15.00000000 0.50000000 145.19999695
156.39999390 39.09470749 44.90834427 496.82000732 11.69999981 0.50000000 145.19999695
156.55000305 39.09540558 44.90751266 497.72000122 7.90000010 0.50000000 145.19999695
156.64999390 39.09590149 44.90691757 498.35998535 5.50000000 0.50000000 145.19999695
156.80000305 39.09669495 44.90596771 499.36999512 3.00000000 0.50000000 145.19999695
156.94999695 39.09739304 44.90513229 500.26000977 1.29999995 0.50000000 145.19999695
157.10000610 39.09818649 44.90418243 501.26998901 0.30000001 0.50000000 145.19999695
157.24000549 39.09888458 44.90335083 502.14999390 0.10000000 0.50000000 145.19999695
157.38999939 39.09967804 44.90239716 503.14999390 0.00000000 0.50000000 145.19999695
157.53999329 39.10037231 44.90156555 504.01998901 0.00000000 0.50000000 145.19999695
157.69000244 39.10116959 44.90061569 505.01998901 0.10000000 0.50000000 145.19999695
157.85000610 39.10196304 44.89966583 506.01000977 0.00000000 0.50000000 145.19999695
158.05000305 39.10295868 44.89847565 507.25000000 0.00000000 0.50000000 145.19999695
158.19999695 39.10365295 44.89764404 508.10998535 0.00000000 0.50000000 145.19999695
158.33999634 39.10434723 44.89680862 508.97000122 0.00000000 0.50000000 145.19999695
158.47999573 39.10504532 44.89597702 509.82000732 0.00000000 0.50000000 145.19999695
158.64999390 39.10583878 44.89502716 510.79998779 0.00000000 0.50000000 145.19999695
158.78999329 39.10662079 44.89408875 511.76000977 0.00000000 0.50000000 145.19999695
158.94000244 39.10729980 44.89328003 512.58001709 0.00000000 0.50000000 145.19999695
159.08000183 39.10796738 44.89247894 513.40002441 0.00000000 0.50000000 145.19999695
159.22000122 39.10863113 44.89168930 514.20001221 0.00000000 0.50000000 145.19999695
159.36999512 39.10928345 44.89090729 514.98999023 -0.10000000 0.40000001 145.19999695
159.50999451 39.10992813 44.89013672 515.77001953 -0.10000000 0.40000001 145.19999695
159.66000366 39.11065674 44.88926315 516.65002441 -0.10000000 0.40000001 145.10000610
159.80000305 39.11129379 44.88851166 517.51000977 -0.50000000 0.50000000 144.39999390
159.94999695 39.11193466 44.88777542 518.34997559 -1.70000005 0.50000000 143.30000305
160.08999634 39.11269379 44.88695526 519.11999512 -4.80000019 0.40000001 141.60000610
160.24000549 39.11337662 44.88626099 519.46997070 -9.30000019 0.30000001 140.10000610
160.38000488 39.11407471 44.88558197 519.41998291 -15.19999981 0.10000000 138.80000305
160.52000427 39.11478424 44.88492203 519.01000977 -22.39999962 -0.20000000 138.60000610
160.71000671 39.11577606 44.88399506 518.45001221 -32.40000153 -0.20000000 138.69999695
160.86000061 39.11645889 44.88335037 518.07000732 -38.50000000 -0.20000000 138.69999695
161.02000427 39.11723328 44.88262558 517.63000488 -42.20000076 -0.20000000 138.80000305
161.16000366 39.11790085 44.88199997 517.21997070 -42.20000076 -0.30000001 138.80000305
161.30000305 39.11856079 44.88137817 516.80999756 -38.90000153 -0.30000001 138.80000305
161.44000244 39.11921310 44.88076401 516.38000488 -32.79999924 -0.30000001 138.80000305
161.58000183 39.11985779 44.88015366 515.94000244 -25.29999924 -0.30000001 138.80000305
161.72999573 39.12049866 44.87955475 515.48999023 -17.39999962 -0.30000001 138.80000305
161.86999512 39.12121964 44.87887573 514.96997070 -11.00000000 -0.30000001 138.80000305
162.00999451 39.12184525 44.87828827 514.50000000 -5.80000019 -0.30000001 138.80000305
162.14999390 39.12246323 44.87770462 514.02001953 -1.79999995 -0.30000001 138.80000305
162.28999329 39.12307358 44.87713242 513.53997803 0.00000000 -0.30000001 138.80000305
162.42999268 39.12368011 44.87656403 513.04998779 0.50000000 -0.30000001 138.80000305
162.64999390 39.12453079 44.87575912 512.34002686 0.20000000 -0.40000001 138.80000305
162.80000305 39.12520599 44.87512207 511.76000977 0.00000000 -0.40000001 138.80000305
162.94000244 39.12578964 44.87457657 511.25000000 0.00000000 -0.40000001 138.80000305
163.10000610 39.12644958 44.87395477 510.66000366 0.00000000 -0.40000001 138.80000305
163.22000122 39.12693787 44.87349319 510.20999146 0.00000000 -0.40000001 138.80000305
163.36000061 39.12750626 44.87296295 509.67999268 0.00000000 -0.40000001 138.80000305
163.50000000 39.12806702 44.87243271 509.16000366 0.00000000 -0.40000001 138.80000305
163.63999939 39.12862015 44.87191010 508.61999512 0.00000000 -0.40000001 138.80000305
163.78999329 39.12916946 44.87139130 508.08999634 0.10000000 -0.40000001 138.80000305
163.92999268 39.12979126 44.87080765 507.48001099 0.00000000 -0.40000001 138.80000305
164.11999512 39.13048172 44.87015533 506.77999878 0.00000000 -0.40000001 138.80000305
164.27999878 39.13109207 44.86958313 506.16000366 0.00000000 -0.40000001 138.80000305
164.39999390 39.13154221 44.86915970 505.69000244 0.00000000 -0.40000001 138.80000305
164.52999878 39.13206482 44.86866760 505.14999390 0.00000000 -0.50000000 138.80000305
164.69000244 39.13258362 44.86817932 504.60000610 0.00000000 -0.50000000 138.80000305
164.80000305 39.13302231 44.86776733 504.13000488 -0.10000000 -0.50000000 138.80000305
164.92999268 39.13352966 44.86729050 503.57998657 0.00000000 -0.50000000 138.80000305
165.05999756 39.13396072 44.86688232 503.10998535 0.00000000 -0.50000000 138.80000305
165.19000244 39.13439178 44.86647797 502.64001465 0.00000000 -0.50000000 138.80000305
165.30999756 39.13481522 44.86607742 502.17001343 -0.10000000 -0.50000000 138.80000305
165.42999268 39.13530731 44.86561584 501.61999512 0.00000000 -0.50000000 138.80000305
165.55000305 39.13572311 44.86522675 501.14999390 -0.10000000 -0.50000000 138.80000305
165.67999268 39.13613510 44.86483765 500.67999268 0.00000000 -0.50000000 138.80000305
165.80999756 39.13661194 44.86438751 500.14001465 0.10000000 -0.50000000 138.80000305
165.92999268 39.13695145 44.86407089 499.75000000 -0.10000000 -0.50000000 138.80000305
166.07000732 39.13741684 44.86362839 499.20001221 -0.10000000 -0.50000000 138.80000305
166.19000244 39.13788223 44.86319351 498.66000366 0.00000000 -0.50000000 138.80000305
166.36999512 39.13840485 44.86269760 498.04000854 0.00000000 -0.50000000 138.80000305
166.72000122 39.13956070 44.86161041 496.66000366 0.00000000 -0.50000000 138.80000305
166.86000061 39.14000320 44.86119461 496.13000488 0.00000000 -0.50000000 138.80000305
167.05999756 39.14062881 44.86060333 495.36999512 0.20000000 -0.50000000 138.80000305
167.21000671 39.14112091 44.86014175 494.76000977 -0.10000000 -0.50000000 138.80000305
167.30999756 39.14142609 44.85985565 494.39001465 0.00000000 -0.50000000 138.80000305
167.46000671 39.14184952 44.85945511 493.85998535 0.10000000 -0.50000000 138.80000305
167.55999756 39.14215088 44.85917282 493.48999023 -0.10000000 -0.50000000 138.80000305
167.72999573 39.14262772 44.85872269 492.89001465 -0.10000000 -0.50000000 138.80000305
167.86000061 39.14303970 44.85833359 492.36999512 0.00000000 -0.50000000 138.80000305
168.02000427 39.14350891 44.85789490 491.76998901 -0.20000000 -0.60000002 138.80000305
168.16000366 39.14391327 44.85751343 491.22000122 0.00000000 -0.60000002 138.80000305
168.27999878 39.14425659 44.85718536 490.73999023 0.10000000 -0.60000002 138.80000305
168.38999939 39.14454269 44.85691833 490.32998657 0.00000000 -0.60000002 138.80000305
168.52999878 39.14493942 44.85654449 489.75000000 0.00000000 -0.60000002 138.80000305
168.66999817 39.14538956 44.85612106 489.04998779 0.00000000 -0.69999999 138.80000305
168.78999329 39.14572525 44.85580444 488.51000977 0.00000000 -0.69999999 138.80000305
168.91000366 39.14600372 44.85554504 488.04000854 0.00000000 -0.69999999 138.80000305
169.02000427 39.14633179 44.85523224 487.47000122 0.20000000 -0.69999999 138.80000305
169.13999939 39.14665985 44.85492325 486.88000488 0.10000000 -0.80000001 138.80000305
169.25999451 39.14698792 44.85461807 486.27999878 0.00000000 -0.80000001 138.80000305
169.38999939 39.14731216 44.85430908 485.66000366 0.10000000 -0.80000001 138.80000305
169.53999329 39.14773941 44.85390854 484.79998779 0.00000000 -0.89999998 138.80000305
169.66000366 39.14805984 44.85360718 484.14001465 0.20000000 -0.89999998 138.80000305
169.77999878 39.14837646 44.85330582 483.45999146 0.10000000 -0.89999998 138.80000305
169.91000366 39.14869308 44.85300827 482.76000977 0.10000000 -0.89999998 138.80000305
170.03999329 39.14905930 44.85266495 481.92001343 -0.10000000 -1.00000000 138.80000305
170.16999817 39.14942169 44.85232162 481.07998657 0.00000000 -1.00000000 138.80000305
170.30999756 39.14978409 44.85198212 480.23999023 0.00000000 -1.00000000 138.80000305
170.44999695 39.15014267 44.85164261 479.38000488 0.00000000 -1.00000000 138.80000305
170.61000061 39.15055084 44.85125732 478.29998779 -0.10000000 -1.10000002 138.80000305
170.77999878 39.15095520 44.85087967 477.10000610 -0.10000000 -1.29999995 138.80000305
170.92999268 39.15130234 44.85054779 475.95999146 0.00000000 -1.39999998 138.80000305
171.08000183 39.15170288 44.85017395 474.55999756 0.10000000 -1.50000000 138.80000305
171.22000122 39.15205002 44.84984589 473.25000000 0.10000000 -1.60000002 138.80000305
171.38000488 39.15244293 44.84947586 471.64999390 0.10000000 -1.70000005 138.80000305
171.53999329 39.15283203 44.84910965 469.95999146 0.10000000 -1.79999995 138.80000305
171.69999695 39.15322113 44.84874344 468.17001343 0.10000000 -2.00000000 138.80000305
171.86000061 39.15360641 44.84838104 466.29000854 0.00000000 -2.09999990 138.80000305
172.00999451 39.15398788 44.84801865 464.32000732 -0.10000000 -2.20000005 138.80000305
172.16999817 39.15436935 44.84766006 462.25000000 -0.20000000 -2.29999995 138.80000305
172.33000183 39.15470123 44.84735107 460.38000488 -0.10000000 -2.40000010 138.80000305
172.44999695 39.15502930 44.84703827 458.44000244 -0.10000000 -2.50000000 138.80000305
172.63999939 39.15544891 44.84664154 455.85000610 -0.10000000 -2.70000005 138.80000305
172.82000732 39.15586853 44.84624863 453.17001343 -0.10000000 -2.79999995 138.80000305
173.00000000 39.15628052 44.84585953 450.38000488 -0.10000000 -2.90000010 138.80000305
173.16000366 39.15664673 44.84551239 447.82000732 0.10000000 -3.00000000 138.80000305
173.28999329 39.15692139 44.84525299 445.85000610 0.10000000 -3.09999990 138.80000305
173.44000244 39.15728378 44.84491348 443.17001343 -0.10000000 -3.20000005 138.80000305
173.58000183 39.15760040 44.84461594 440.75000000 0.10000000 -3.29999995 138.80000305
173.72999573 39.15795898 44.84427643 437.92999268 0.00000000 -3.40000010 138.80000305
173.88000488 39.15827179 44.84398270 435.39999390 0.00000000 -3.50000000 138.80000305
174.02000427 39.15858459 44.84368896 432.80999756 0.00000000 -3.59999990 138.80000305
174.16000366 39.15889359 44.84339905 430.17999268 -0.10000000 -3.70000005 138.80000305
174.32000732 39.15924454 44.84306335 427.10000610 0.00000000 -3.79999995 138.80000305
174.53999329 39.15972900 44.84260941 422.76000977 -0.10000000 -3.90000010 138.80000305
174.69000244 39.16007614 44.84228516 419.51998901 -0.10000000 -4.00000000 138.80000305
174.83000183 39.16037750 44.84199905 416.63000488 0.00000000 -4.09999990 138.80000305
174.97000122 39.16067886 44.84171295 413.70001221 0.10000000 -4.19999981 138.80000305
175.10000610 39.16093445 44.84147263 411.14001465 0.10000000 -4.30000019 138.80000305
175.22999573 39.16119385 44.84122849 408.54998779 0.00000000 -4.40000010 138.80000305
175.36999512 39.16153336 44.84090805 405.04998779 0.00000000 -4.40000010 138.80000305
175.50999451 39.16178894 44.84067154 402.38000488 0.00000000 -4.50000000 138.80000305
175.66999817 39.16212463 44.84035110 398.76000977 0.00000000 -4.59999990 138.80000305
175.78999329 39.16241837 44.84007645 395.54998779 0.00000000 -4.69999981 138.80000305
175.89999390 39.16262817 44.83987808 393.23001099 0.00000000 -4.80000019 138.80000305
176.08000183 39.16300201 44.83952332 388.98999023 -0.10000000 -4.90000010 138.80000305
176.22999573 39.16329193 44.83925247 385.64001465 0.00000000 -5.00000000 138.80000305
176.36000061 39.16358185 44.83897781 382.25000000 -0.10000000 -5.09999990 138.80000305
176.49000549 39.16386795 44.83870697 378.82000732 0.10000000 -5.19999981 138.80000305
176.64999390 39.16419601 44.83840179 374.83999634 0.00000000 -5.30000019 138.80000305
176.78999329 39.16444016 44.83816910 371.82000732 0.00000000 -5.30000019 138.80000305
176.91999817 39.16472244 44.83790207 368.26000977 -0.10000000 -5.40000010 138.80000305
177.07000732 39.16504669 44.83759689 364.14001465 0.10000000 -5.50000000 138.80000305
177.21000671 39.16532898 44.83733368 360.48999023 -0.20000000 -5.59999990 138.80000305
177.35000610 39.16556931 44.83710480 357.32998657 0.00000000 -5.69999981 138.80000305
177.47999573 39.16584778 44.83684158 353.58999634 -0.10000000 -5.80000019 138.80000305
177.64999390 39.16620636 44.83650208 348.70999146 0.00000000 -5.90000010 138.80000305
177.86999512 39.16660309 44.83613205 343.17999268 0.00000000 -6.09999990 138.80000305
178.03999329 39.16695786 44.83579636 338.10000610 0.00000000 -6.19999981 138.80000305
178.17999268 39.16723251 44.83553696 334.07998657 0.10000000 -6.30000019 138.80000305
178.33000183 39.16754532 44.83524323 329.41000366 -0.10000000 -6.40000010 138.80000305
178.49000549 39.16781616 44.83498764 325.26998901 0.00000000 -6.59999990 138.80000305
178.66000366 39.16816711 44.83465576 319.85000610 -0.10000000 -6.69999981 138.80000305
178.82000732 39.16847610 44.83436584 314.95001221 0.10000000 -6.80000019 138.80000305
178.97999573 39.16878510 44.83407593 309.97000122 -0.20000000 -7.00000000 138.80000305
179.14999390 39.16909027 44.83378601 304.92001343 -0.10000000 -7.09999990 138.80000305
179.30000305 39.16939545 44.83349991 299.79000854 -0.10000000 -7.19999981 138.80000305
179.44000244 39.16966248 44.83324814 295.23999023 -0.20000000 -7.30000019 138.80000305
179.58000183 39.16992569 44.83299637 290.63000488 0.00000000 -7.50000000 138.80000305
179.72999573 39.17023087 44.83271408 285.29998779 -0.20000000 -7.59999990 138.80000305
179.88000488 39.17049408 44.83246613 280.57000732 -0.20000000 -7.69999981 138.80000305
180.02000427 39.17075729 44.83221817 275.77999878 0.10000000 -7.90000010 138.80000305
180.16000366 39.17102051 44.83197021 270.94000244 -0.30000001 -8.00000000 138.80000305
180.30000305 39.17127991 44.83172607 266.04000854 -0.10000000 -8.10000038 138.80000305
180.44000244 39.17153931 44.83148193 261.07998657 0.00000000 -8.19999981 138.80000305
180.58000183 39.17179871 44.83123779 256.07998657 -0.30000001 -8.30000019 138.80000305
180.74000549 39.17209244 44.83095932 250.28999329 0.00000000 -8.39999962 138.80000305
180.88000488 39.17235184 44.83071899 245.16000366 -0.10000000 -8.60000038 138.80000305
181.00999451 39.17260742 44.83047485 239.99000549 -0.20000000 -8.69999981 138.80000305
181.13999939 39.17282867 44.83026886 235.50999451 0.10000000 -8.80000019 138.80000305
181.27000427 39.17308044 44.83002853 230.22999573 0.10000000 -8.89999962 138.80000305
181.38999939 39.17330170 44.82982254 225.66999817 -0.10000000 -9.00000000 138.80000305
181.52000427 39.17351913 44.82961655 221.05999756 0.10000000 -9.10000038 138.80000305
181.64999390 39.17373657 44.82941437 216.41999817 0.10000000 -9.19999981 138.80000305
181.80000305 39.17402267 44.82914352 210.17999268 0.00000000 -9.30000019 138.80000305
181.94000244 39.17427444 44.82890701 204.66000366 -0.10000000 -9.39999962 138.80000305
182.05999756 39.17449188 44.82870483 199.88999939 -0.10000000 -9.50000000 138.80000305
182.19000244 39.17470551 44.82850266 195.08000183 -0.30000001 -9.69999981 138.80000305
182.30999756 39.17491913 44.82830048 190.22999573 -0.30000001 -9.80000019 138.80000305
182.42999268 39.17513275 44.82810211 185.35000610 -0.30000001 -9.80000019 138.80000305
182.55000305 39.17537689 44.82786942 179.61000061 -0.30000001 -10.00000000 138.80000305
182.86999512 39.17594528 44.82733536 166.30000305 -0.10000000 -10.19999981 138.80000305
183.02000427 39.17618942 44.82710648 160.39999390 -0.10000000 -10.30000019 138.80000305
183.19000244 39.17650604 44.82680893 152.74000549 0.00000000 -10.50000000 138.80000305
183.32000732 39.17671204 44.82661438 147.58999634 0.20000000 -10.60000038 138.80000305
183.42999268 39.17692184 44.82641602 142.39999390 0.00000000 -10.69999981 138.80000305
183.55000305 39.17713165 44.82622147 137.17999268 0.00000000 -10.80000019 138.80000305
183.67999268 39.17733765 44.82602692 131.92999268 0.00000000 -10.89999962 138.80000305
183.80000305 39.17754364 44.82583237 126.63999939 0.10000000 -11.00000000 138.80000305
183.92999268 39.17775345 44.82563782 121.30999756 -0.20000000 -11.10000038 138.80000305
184.03999329 39.17795944 44.82544327 115.95999908 -0.10000000 -11.19999981 138.80000305
184.16000366 39.17816162 44.82524872 110.55999756 -0.10000000 -11.30000019 138.80000305
184.27999878 39.17836761 44.82505798 105.13999939 -0.30000001 -11.39999962 138.80000305
184.38999939 39.17857361 44.82486343 99.68000031 -0.20000000 -11.39999962 138.80000305
184.50999451 39.17874527 44.82470703 95.09999847 -0.30000001 -11.50000000 138.80000305
184.64999390 39.17898178 44.82448196 88.66000366 -0.10000000 -11.69999981 138.80000305
184.75999451 39.17918396 44.82429123 83.09999847 -0.30000001 -11.69999981 138.80000305
184.88999939 39.17938614 44.82410049 77.50000000 0.00000000 -11.80000019 138.80000305
185.00000000 39.17958832 44.82390976 71.87999725 -0.10000000 -11.89999962 138.80000305
185.13000488 39.17982483 44.82369232 65.26999664 -0.30000001 -12.10000038 138.80000305
185.24000549 39.17999268 44.82353210 60.52999878 0.00000000 -12.10000038 138.80000305
185.35000610 39.18019104 44.82334518 54.79999924 -0.10000000 -12.19999981 138.80000305
