258.41000366 39.22975922 44.90997314 912.69000244 0.00000000 0.00000000 222.10000610
258.57000732 39.22931671 44.90967178 909.84002686 0.00000000 0.00000000 222.10000610
258.73999023 39.22881317 44.90933228 906.82000732 0.00000000 -3.20000005 221.39999390
258.89999390 39.22836685 44.90903091 904.29998779 0.00000000 -3.00000000 219.80000305
259.04998779 39.22793961 44.90871048 901.10998535 0.00000000 -3.40000010 217.89999390
259.20999146 39.22758102 44.90842438 898.19000244 0.00000000 -3.79999995 216.10000610
259.35000610 39.22721100 44.90811539 895.21997070 0.00000000 -3.79999995 214.60000610
259.51000977 39.22676849 44.90771866 891.79998779 0.00000000 -3.59999990 213.80000305
259.67001343 39.22629166 44.90729141 888.48999023 0.00000000 -3.20000005 213.80000305
259.82000732 39.22577667 44.90682983 885.53997803 0.00000000 -2.79999995 213.80000305
259.98999023 39.22523117 44.90633392 883.23999023 0.00000000 -2.09999990 213.50000000
260.14001465 39.22465134 44.90580750 881.71002197 0.00000000 -1.39999998 213.19999695
260.29998779 39.22403717 44.90523911 880.85998535 0.00000000 -0.80000001 212.69999695
260.45001221 39.22339630 44.90464020 880.23999023 -43.29999924 -0.50000000 212.69999695
260.60000610 39.22280502 44.90408707 879.64001465 -35.00000000 -0.40000001 212.80000305
260.70001221 39.22236252 44.90367889 879.17999268 -28.89999962 -0.50000000 213.00000000
260.85998535 39.22162628 44.90299988 878.35998535 -19.29999924 -0.50000000 213.30000305
261.00000000 39.22094345 44.90237808 877.53002930 -12.69999981 -0.50000000 213.80000305
261.14999390 39.22012329 44.90164566 876.42999268 -7.19999981 -0.60000002 214.39999390
261.29000854 39.21936798 44.90098572 875.28997803 -2.20000005 -0.69999999 214.89999390
261.42999268 39.21857452 44.90030289 873.95001221 2.70000005 -0.69999999 215.50000000
261.57000732 39.21786118 44.89970398 872.61999512 6.90000010 -0.80000001 215.89999390
261.70999146 39.21686935 44.89888000 870.55999756 11.80000019 -0.89999998 216.50000000
261.85000610 39.21596146 44.89814377 868.47998047 16.20000076 -1.00000000 216.89999390
261.98999023 39.21501541 44.89738464 866.10998535 20.00000000 -1.20000005 217.19999695
262.13000488 39.21417999 44.89672089 863.84997559 22.79999924 -1.29999995 217.50000000
262.26000977 39.21316910 44.89592361 860.96002197 24.29999924 -1.39999998 217.69999695
262.41000366 39.21212387 44.89510727 857.79998779 24.60000038 -1.39999998 217.89999390
262.54000854 39.21105194 44.89427185 854.40997314 24.20000076 -1.50000000 218.00000000
262.70001221 39.20981598 44.89331818 850.25000000 22.50000000 -1.60000002 218.00000000
262.83999634 39.20873642 44.89247894 846.44000244 20.20000076 -1.70000005 218.00000000
262.98001099 39.20765686 44.89164352 842.61999512 17.29999924 -1.70000005 218.00000000
263.11999512 39.20658112 44.89080811 838.78002930 14.39999962 -1.70000005 217.89999390
263.26000977 39.20550537 44.88996887 834.94000244 11.39999962 -1.70000005 217.80000305
263.39001465 39.20458221 44.88925171 831.64001465 8.69999981 -1.70000005 217.69999695
263.51998901 39.20351028 44.88840866 827.79998779 6.19999981 -1.70000005 217.60000610
263.66000366 39.20243835 44.88756561 823.97998047 3.40000010 -1.70000005 217.50000000
263.79000854 39.20137405 44.88672256 820.15997314 1.20000005 -1.70000005 217.30000305
263.98999023 39.20000458 44.88563538 815.27001953 -1.29999995 -1.70000005 217.19999695
264.13000488 39.19894409 44.88478851 811.48999023 -2.90000010 -1.70000005 217.00000000
264.25000000 39.19788742 44.88393784 807.71997070 -4.19999981 -1.70000005 216.89999390
264.38000488 39.19698334 44.88320541 804.50000000 -5.19999981 -1.70000005 216.80000305
264.50000000 39.19608307 44.88247681 801.28997803 -5.90000010 -1.70000005 216.69999695
264.64999390 39.19503021 44.88162231 797.54998779 -6.30000019 -1.70000005 216.60000610
264.76998901 39.19398499 44.88076782 793.82000732 -6.80000019 -1.70000005 216.50000000
264.91000366 39.19308853 44.88003540 790.63000488 -6.80000019 -1.70000005 216.39999390
265.01998901 39.19219208 44.87929916 787.44000244 -6.90000010 -1.70000005 216.39999390
265.14001465 39.19129944 44.87856293 784.26000977 -6.80000019 -1.70000005 216.30000305
265.26000977 39.19040680 44.87782669 781.08001709 -6.59999990 -1.70000005 216.19999695
265.42001343 39.18921661 44.87684631 776.84002686 -6.19999981 -1.70000005 216.10000610
265.60998535 39.18788147 44.87573624 772.09002686 -5.80000019 -1.70000005 216.00000000
265.72000122 39.18699646 44.87500000 768.91998291 -5.50000000 -1.70000005 215.89999390
265.83999634 39.18611145 44.87425995 765.77001953 -5.30000019 -1.70000005 215.89999390
265.95001221 39.18522644 44.87351608 762.60998535 -5.19999981 -1.70000005 215.80000305
266.07000732 39.18449020 44.87289810 759.98999023 -5.00000000 -1.70000005 215.69999695
266.17999268 39.18360901 44.87215805 756.84002686 -4.90000010 -1.70000005 215.60000610
266.29000854 39.18272781 44.87141418 753.70001221 -4.90000010 -1.70000005 215.60000610
266.41000366 39.18199539 44.87079239 751.09002686 -4.90000010 -1.70000005 215.50000000
266.51998901 39.18111801 44.87004852 747.95001221 -4.90000010 -1.70000005 215.39999390
266.66000366 39.18009567 44.86917877 744.29998779 -4.90000010 -1.70000005 215.30000305
266.76998901 39.17922211 44.86843109 741.17999268 -5.00000000 -1.70000005 215.30000305
266.88000488 39.17849350 44.86780930 738.58001709 -4.90000010 -1.70000005 215.19999695
267.00000000 39.17761993 44.86706161 735.46002197 -5.00000000 -1.70000005 215.10000610
267.10998535 39.17689514 44.86643982 732.86999512 -4.90000010 -1.70000005 215.10000610
267.22000122 39.17602539 44.86568832 729.76000977 -4.90000010 -1.60000002 215.00000000
267.32000732 39.17530441 44.86506271 727.16998291 -4.90000010 -1.60000002 214.89999390
267.44000244 39.17443466 44.86431122 724.07000732 -4.80000019 -1.60000002 214.89999390
267.54998779 39.17371368 44.86368561 721.48999023 -4.80000019 -1.60000002 214.80000305
267.66000366 39.17285156 44.86293411 718.39001465 -4.69999981 -1.60000002 214.80000305
267.76000977 39.17213058 44.86230850 715.82000732 -4.69999981 -1.60000002 214.69999695
267.86999512 39.17140961 44.86167908 713.23999023 -4.59999990 -1.60000002 214.60000610
268.01998901 39.17026138 44.86067581 709.13000488 -4.50000000 -1.60000002 214.60000610
268.11999512 39.16954803 44.86004639 706.57000732 -4.50000000 -1.60000002 214.50000000
268.22000122 39.16883087 44.85942078 704.01000977 -4.40000010 -1.60000002 214.50000000
268.32998657 39.16811752 44.85878754 701.45001221 -4.40000010 -1.60000002 214.39999390
268.42999268 39.16740036 44.85815811 698.89001465 -4.30000019 -1.60000002 214.39999390
268.52999878 39.16654587 44.85740280 695.83001709 -4.30000019 -1.60000002 214.30000305
268.66000366 39.16569138 44.85664749 692.78002930 -4.19999981 -1.60000002 214.19999695
268.76000977 39.16497803 44.85601425 690.26000977 -4.09999990 -1.60000002 214.19999695
268.88000488 39.16412735 44.85525513 687.23999023 -4.09999990 -1.60000002 214.10000610
269.14001465 39.16228104 44.85361099 680.79998779 -3.90000010 -1.60000002 214.00000000
269.25000000 39.16143417 44.85285187 677.90002441 -3.90000010 -1.60000002 214.00000000
269.39001465 39.16058350 44.85209274 675.07000732 -3.70000005 -1.50000000 214.00000000
269.48999023 39.15987396 44.85145950 672.77001953 -3.59999990 -1.50000000 214.00000000
269.64001465 39.15874481 44.85044479 669.23999023 -3.50000000 -1.39999998 213.89999390
269.73999023 39.15803909 44.84981155 667.14001465 -3.40000010 -1.39999998 213.89999390
269.88000488 39.15705109 44.84892273 664.36999512 -3.09999990 -1.29999995 213.89999390
270.01998901 39.15606308 44.84803772 661.84002686 -2.79999995 -1.20000005 213.89999390
270.16000366 39.15507507 44.84714890 659.63000488 -2.50000000 -1.10000002 213.89999390
270.29998779 39.15409088 44.84626770 657.78002930 -2.09999990 -0.89999998 213.89999390
270.44000244 39.15312576 44.84539795 656.38000488 -1.79999995 -0.69999999 213.89999390
270.57998657 39.15217590 44.84453964 655.46002197 -1.50000000 -0.50000000 213.80000305
270.70001221 39.15137100 44.84381485 655.07000732 -1.39999998 -0.30000001 213.69999695
270.85000610 39.15045166 44.84297943 655.11999512 -1.39999998 -0.10000000 213.50000000
270.98999023 39.14954758 44.84215164 655.66998291 -1.60000002 0.20000000 213.30000305
271.13000488 39.14853668 44.84122086 656.80999756 -2.29999995 0.40000001 213.00000000
271.26998901 39.14766693 44.84041214 658.08001709 -3.20000005 0.60000002 212.69999695
271.42001343 39.14681625 44.83961105 659.46002197 -4.50000000 0.69999999 212.50000000
271.55999756 39.14598083 44.83881760 660.83001709 -6.09999990 0.69999999 212.19999695
271.70001221 39.14515686 44.83802795 662.05999756 -7.59999990 0.69999999 212.10000610
271.85000610 39.14434052 44.83724594 663.00000000 -9.00000000 0.60000002 212.00000000
271.98999023 39.14353561 44.83647156 663.65997314 -10.00000000 0.40000001 212.00000000
272.13000488 39.14262390 44.83559418 664.07000732 -10.69999981 0.30000001 212.00000000
272.27999878 39.14183807 44.83483887 664.09002686 -10.60000038 0.10000000 212.00000000
272.42001343 39.14105988 44.83408737 663.70001221 -10.00000000 -0.10000000 211.89999390
272.57000732 39.14028931 44.83334732 662.77001953 -8.69999981 -0.40000001 211.89999390
272.69000244 39.13964081 44.83271790 661.45001221 -7.50000000 -0.69999999 211.80000305
272.79000854 39.13910675 44.83219910 659.90997314 -6.59999990 -1.00000000 211.80000305
272.94000244 39.13825989 44.83137894 656.44000244 -5.19999981 -1.60000002 211.69999695
273.07998657 39.13753891 44.83066940 652.28997803 -4.09999990 -2.09999990 211.50000000
273.23001099 39.13682938 44.82997513 647.02001953 -3.40000010 -2.90000010 211.39999390
273.38000488 39.13603210 44.82918930 639.53002930 -3.29999995 -3.70000005 211.19999695
273.48001099 39.13554764 44.82870865 634.02001953 -3.40000010 -4.30000019 211.19999695
273.57998657 39.13506699 44.82822800 627.92999268 -3.70000005 -4.80000019 211.10000610
273.67999268 39.13459015 44.82775879 621.21002197 -4.00000000 -5.50000000 211.10000610
273.79000854 39.13402939 44.82719803 612.41998291 -4.40000010 -6.09999990 211.19999695
273.92001343 39.13347244 44.82664490 602.92999268 -4.50000000 -6.80000019 211.30000305
274.01998901 39.13301086 44.82619095 594.59002686 -4.40000010 -7.30000019 211.50000000
274.11999512 39.13255692 44.82574463 586.21002197 -4.09999990 -7.59999990 211.50000000
274.23001099 39.13210297 44.82529449 577.90997314 -3.70000005 -7.69999981 211.50000000
274.38000488 39.13138199 44.82458878 564.79998779 -2.79999995 -7.69999981 211.50000000
274.48001099 39.13093567 44.82415009 556.76000977 -2.09999990 -7.69999981 211.60000610
274.57998657 39.13048935 44.82371521 548.89001465 -1.20000005 -7.59999990 211.60000610
274.70999146 39.12995911 44.82320023 539.71002197 0.00000000 -7.40000010 211.69999695
274.80999756 39.12952042 44.82277298 532.34997559 0.89999998 -7.30000019 211.69999695
274.91000366 39.12900162 44.82226562 523.90997314 1.60000002 -7.09999990 211.69999695
275.01000977 39.12857056 44.82184982 517.23999023 2.09999990 -6.80000019 211.69999695
275.16000366 39.12797546 44.82126617 508.57998657 2.50000000 -6.40000010 211.69999695
275.30999756 39.12738800 44.82069397 500.72000122 2.59999990 -5.90000010 211.60000610
275.45001221 39.12672806 44.82004547 492.82000732 2.40000010 -5.30000019 211.39999390
275.60000610 39.12615967 44.81948471 486.89001465 1.60000002 -4.69999981 211.19999695
275.70001221 39.12575912 44.81908798 483.20001221 0.89999998 -4.19999981 211.10000610
275.85000610 39.12520599 44.81853867 478.85998535 -0.40000001 -3.50000000 210.80000305
275.98999023 39.12458801 44.81791306 475.01000977 -2.00000000 -2.90000010 210.60000610
276.08999634 39.12421036 44.81752777 473.20999146 -3.00000000 -2.40000010 210.50000000
276.23999023 39.12368774 44.81699371 471.47000122 -4.50000000 -1.60000002 210.39999390
276.38000488 39.12316895 44.81646347 470.58999634 -5.90000010 -1.00000000 210.39999390
276.51998901 39.12265778 44.81594086 470.55999756 -7.09999990 -0.30000001 210.39999390
276.67999268 39.12208176 44.81535339 471.45001221 -7.69999981 0.40000001 210.60000610
276.80999756 39.12165451 44.81491852 472.72000122 -7.59999990 0.89999998 210.69999695
276.94000244 39.12115479 44.81441879 474.76000977 -6.69999981 1.50000000 211.00000000
277.07998657 39.12066269 44.81392670 477.38000488 -5.00000000 2.00000000 211.30000305
277.20999146 39.12023926 44.81350708 480.01000977 -3.00000000 2.40000010 211.60000610
277.32000732 39.11981964 44.81309891 482.97000122 -0.69999999 2.79999995 211.89999390
277.47000122 39.11932755 44.81262589 486.80999756 2.50000000 3.20000005 212.30000305
277.60000610 39.11884308 44.81216431 491.02999878 5.30000019 3.59999990 212.69999695
277.75000000 39.11835480 44.81170654 495.63000488 8.39999962 4.00000000 213.10000610
277.89001465 39.11787033 44.81126404 500.57998657 11.19999981 4.40000010 213.60000610
278.01998901 39.11738586 44.81082535 505.88000488 13.80000019 4.69999981 214.19999695
278.16000366 39.11690140 44.81039429 511.51000977 16.20000076 5.09999990 214.80000305
278.29998779 39.11641693 44.80997467 517.41998291 18.39999962 5.40000010 215.39999390
278.44000244 39.11592865 44.80956650 523.57000732 20.39999962 5.80000019 216.10000610
278.57998657 39.11544037 44.80916214 529.90002441 22.50000000 6.00000000 216.89999390
278.70001221 39.11502075 44.80882645 535.40997314 24.20000076 6.19999981 217.60000610
278.85000610 39.11452866 44.80844116 541.84997559 26.29999924 6.30000019 218.39999390
278.98999023 39.11403275 44.80806351 548.22998047 28.39999962 6.40000010 219.19999695
279.13000488 39.11346436 44.80764389 555.34997559 31.10000038 6.30000019 220.30000305
279.27999878 39.11296082 44.80728912 561.34002686 33.20000076 6.19999981 221.10000610
279.42999268 39.11245346 44.80693817 567.02001953 35.50000000 5.90000010 222.10000610
279.57000732 39.11186981 44.80654907 573.04998779 38.00000000 5.59999990 223.10000610
279.67999268 39.11149979 44.80631256 576.53002930 39.40000153 5.30000019 223.80000305
279.82998657 39.11098480 44.80598450 581.00000000 41.29999924 4.80000019 224.69999695
279.98001099 39.11038589 44.80562592 585.45001221 43.29999924 4.30000019 225.89999390
280.13000488 39.10986328 44.80532074 588.72998047 44.90000153 3.79999995 226.80000305
280.27999878 39.10926056 44.80498123 591.75000000 46.79999924 3.09999990 228.00000000
280.42001343 39.10873413 44.80469513 593.72998047 48.00000000 2.50000000 229.00000000
280.57000732 39.10812378 44.80437851 595.19000244 49.90000153 1.70000005 230.10000610
280.70001221 39.10766602 44.80414963 595.71997070 50.59999847 1.10000002 231.00000000
280.85000610 39.10713196 44.80389023 595.71997070 52.00000000 0.30000001 232.10000610
280.95001221 39.10675049 44.80371094 595.33001709 53.09999847 -0.30000001 232.80000305
281.10000610 39.10613632 44.80343628 593.96997070 54.59999847 -1.10000002 234.10000610
281.25000000 39.10559464 44.80320358 592.04998779 56.00000000 -1.79999995 235.10000610
281.35000610 39.10520935 44.80304337 590.28997803 56.40000153 -2.50000000 235.89999390
281.45001221 39.10482407 44.80288696 588.16998291 56.59999847 -3.00000000 236.69999695
281.60000610 39.10420609 44.80265045 584.07000732 56.50000000 -3.90000010 238.10000610
281.70999146 39.10374069 44.80247879 580.42999268 57.20000076 -4.59999990 239.00000000
281.82000732 39.10335541 44.80234528 577.03997803 57.00000000 -5.19999981 239.89999390
281.92001343 39.10296631 44.80221176 573.29998779 57.09999847 -5.80000019 240.69999695
282.01998901 39.10257721 44.80208588 569.22998047 56.59999847 -6.40000010 241.60000610
282.13000488 39.10218811 44.80196381 564.83001709 56.50000000 -7.00000000 242.50000000
282.27999878 39.10157013 44.80178070 557.09002686 56.59999847 -8.00000000 243.89999390
282.42001343 39.10102844 44.80162811 549.65002441 56.50000000 -8.80000019 245.30000305
282.51998901 39.10063934 44.80152893 544.00000000 56.40000153 -9.39999962 246.30000305
282.64999390 39.10017395 44.80141449 537.00000000 56.40000153 -9.89999962 247.50000000
282.75000000 39.09970474 44.80131149 529.84997559 57.59999847 -10.30000019 248.80000305
282.85998535 39.09931564 44.80122757 523.88000488 57.70000076 -10.39999962 249.69999695
283.01000977 39.09876633 44.80112076 515.67999268 58.40000153 -10.39999962 251.00000000
283.16000366 39.09814072 44.80101013 506.73001099 59.29999924 -10.10000038 252.19999695
283.26000977 39.09774780 44.80094528 501.42999268 59.79999924 -9.80000019 252.89999390
283.39999390 39.09720230 44.80085754 494.45999146 60.50000000 -9.19999981 253.60000610
283.50000000 39.09681320 44.80080032 489.82000732 60.29999924 -8.69999981 254.10000610
283.64999390 39.09618759 44.80071259 482.98001099 59.59999847 -8.00000000 254.80000305
283.79000854 39.09572220 44.80064774 478.29998779 57.00000000 -7.40000010 255.30000305
283.89999390 39.09525681 44.80059052 473.92001343 55.50000000 -6.90000010 255.89999390
284.04998779 39.09471512 44.80052567 469.07998657 51.70000076 -6.50000000 256.50000000
284.14999390 39.09432983 44.80048370 465.70001221 49.20000076 -6.30000019 256.89999390
284.29998779 39.09371567 44.80041504 460.27999878 44.50000000 -6.30000019 256.89999390
284.44000244 39.09318161 44.80035782 455.51000977 39.70000076 -6.30000019 257.00000000
284.58999634 39.09264755 44.80030060 450.73001099 34.70000076 -6.40000010 257.20001221
284.72000122 39.09211349 44.80024338 445.92999268 30.60000038 -6.40000010 257.60000610
284.83999634 39.09165955 44.80020142 441.77999878 27.39999962 -6.50000000 258.10000610
285.00000000 39.09105682 44.80014420 436.23999023 23.89999962 -6.59999990 259.00000000
285.14999390 39.09052658 44.80010223 431.30999756 21.60000038 -6.59999990 260.00000000
285.29998779 39.08992767 44.80006409 425.42001343 20.89999962 -6.90000010 261.39999390
285.39999390 39.08955383 44.80004883 421.51000977 21.39999962 -7.19999981 262.29998779
285.50000000 39.08917999 44.80003357 417.36999512 22.89999962 -7.59999990 263.29998779
285.60000610 39.08880615 44.80002594 412.94000244 25.29999924 -8.10000038 264.29998779
285.70999146 39.08836365 44.80001831 407.23001099 29.20000076 -8.80000019 265.60000610
285.82000732 39.08799362 44.80001831 402.14999390 32.79999924 -9.39999962 266.70001221
285.92999268 39.08762741 44.80002594 396.76998901 36.90000153 -10.10000038 267.89999390
286.02999878 39.08726501 44.80003738 391.14999390 41.29999924 -10.69999981 269.20001221
286.13000488 39.08683014 44.80006027 384.17999268 46.20000076 -11.19999981 270.70001221
286.23999023 39.08647156 44.80008698 378.25000000 50.50000000 -11.50000000 272.00000000
286.33999634 39.08611298 44.80011749 372.29998779 54.70000076 -11.69999981 273.10000610
286.44000244 39.08576202 44.80015182 366.44000244 58.40000153 -11.80000019 274.20001221
286.54998779 39.08540344 44.80018997 360.76000977 61.40000153 -11.60000038 275.10000610
286.67999268 39.08491135 44.80025101 353.22000122 64.80000305 -11.10000038 276.10000610
286.79000854 39.08456039 44.80029678 348.14001465 66.50000000 -10.60000038 276.70001221
286.89001465 39.08414459 44.80035782 342.42001343 68.00000000 -10.00000000 277.39999390
287.00000000 39.08379364 44.80040741 337.98001099 67.90000153 -9.50000000 277.89999390
287.10000610 39.08344650 44.80046463 333.82000732 67.69999695 -8.89999962 278.29998779
287.20999146 39.08310318 44.80051804 329.97000122 66.00000000 -8.30000019 278.70001221
287.30999756 39.08269119 44.80058670 325.77999878 63.90000153 -7.59999990 279.10000610
287.42001343 39.08234787 44.80064392 322.64999390 60.20000076 -7.00000000 279.39999390
287.51998901 39.08200836 44.80070114 319.89999390 56.79999924 -6.30000019 279.70001221
287.63000488 39.08166885 44.80076218 317.51000977 51.90000153 -5.50000000 279.79998779
287.73999023 39.08126068 44.80083466 315.16000366 47.20000076 -4.59999990 279.89999390
287.83999634 39.08092499 44.80089188 313.64001465 42.79999924 -3.79999995 279.89999390
287.94000244 39.08058929 44.80094910 312.51000977 38.50000000 -3.00000000 279.89999390
288.05999756 39.08018494 44.80102158 311.66000366 32.59999847 -2.00000000 279.70001221
288.16000366 39.07985306 44.80107880 311.38000488 27.60000038 -1.20000005 279.39999390
288.27999878 39.07945251 44.80114365 311.51000977 22.00000000 -0.30000001 279.10000610
288.38000488 39.07912064 44.80119324 311.98001099 17.50000000 0.40000001 278.79998779
288.48999023 39.07878876 44.80124664 312.76998901 12.60000038 1.20000005 278.50000000
288.60000610 39.07839203 44.80130768 314.05999756 7.69999981 1.89999998 278.10000610
288.73001099 39.07793427 44.80137253 315.82998657 1.10000002 2.50000000 277.79998779
288.83999634 39.07760620 44.80141830 317.07998657 -3.70000005 2.70000005 277.39999390
288.95001221 39.07727814 44.80146408 318.26000977 -8.10000038 2.70000005 277.29998779
289.05999756 39.07688904 44.80151749 319.60000610 -11.69999981 2.50000000 277.29998779
289.16000366 39.07656097 44.80155945 320.64001465 -14.50000000 2.40000010 277.10000610
289.26000977 39.07623672 44.80160522 321.60000610 -16.10000038 2.20000005 276.89999390
289.35998535 39.07591248 44.80164719 322.45001221 -17.60000038 2.00000000 276.60000610
289.45999146 39.07559204 44.80168533 323.16000366 -18.50000000 1.79999995 276.20001221
289.60998535 39.07507324 44.80175018 323.85000610 -19.60000038 1.20000005 275.39999390
289.72000122 39.07475281 44.80178452 323.92001343 -19.50000000 0.60000002 274.89999390
289.82998657 39.07442856 44.80181885 323.64999390 -19.39999962 -0.10000000 274.29998779
289.98001099 39.07391739 44.80186844 322.32000732 -20.10000038 -1.39999998 273.50000000
290.07998657 39.07359695 44.80189896 320.85000610 -20.60000038 -2.40000010 273.10000610
290.20001221 39.07321548 44.80193329 318.36999512 -21.60000038 -3.79999995 272.70001221
290.29998779 39.07289886 44.80195999 315.67001343 -22.50000000 -5.09999990 272.50000000
290.45001221 39.07246399 44.80199814 310.86999512 -23.20000076 -7.09999990 272.29998779
290.60000610 39.07196808 44.80204010 303.91000366 -22.89999962 -9.19999981 272.20001221
290.72000122 39.07159805 44.80207062 297.64999390 -21.79999924 -11.00000000 272.00000000
290.86999512 39.07111359 44.80211258 287.95999146 -20.00000000 -13.30000019 271.50000000
291.01998901 39.07069397 44.80214691 278.29000854 -17.39999962 -15.30000019 270.50000000
291.13000488 39.07040024 44.80216599 270.77999878 -15.50000000 -16.89999962 269.60000610
291.23999023 39.07004547 44.80218506 261.26000977 -14.30000019 -18.10000038 268.20001221
291.35000610 39.06969833 44.80220032 251.33999634 -13.89999962 -19.10000038 266.70001221
291.47000122 39.06934738 44.80220413 241.25999451 -14.60000038 -19.79999924 265.10000610
291.58999634 39.06905746 44.80220413 232.88000488 -16.00000000 -20.00000000 263.79998779
291.72000122 39.06864548 44.80219650 221.39999390 -20.20000076 -19.79999924 262.29998779
291.82998657 39.06829834 44.80218506 211.91000366 -24.70000076 -19.29999924 261.29998779
291.95001221 39.06794739 44.80216599 202.86000061 -29.79999924 -18.60000038 260.39999390
292.07000732 39.06765747 44.80214691 195.69000244 -34.50000000 -17.79999924 259.70001221
292.17999268 39.06730652 44.80212402 187.60000610 -39.59999847 -16.79999924 259.10000610
292.27999878 39.06701279 44.80210114 181.35000610 -43.90000153 -15.89999962 258.60000610
292.42999268 39.06660461 44.80206299 173.47000122 -48.59999847 -14.19999981 258.10000610
292.57000732 39.06613159 44.80201721 165.83999634 -52.00000000 -12.30000019 257.60000610
292.70999146 39.06578064 44.80197906 161.21000671 -52.59999847 -10.39999962 257.39999390
292.80999756 39.06548309 44.80194473 158.16000366 -52.00000000 -8.60000038 257.29998779
292.95999146 39.06501770 44.80189133 154.94999695 -50.29999924 -5.90000010 257.29998779
293.10000610 39.06460953 44.80184174 154.02999878 -47.59999847 -3.09999990 257.60000610
293.22000122 39.06426239 44.80179977 154.83000183 -44.20000076 -0.10000000 258.10000610
293.42001343 39.06369019 44.80173492 159.94999695 -37.50000000 5.40000010 259.89999390
293.55999756 39.06330109 44.80169296 166.91000366 -31.60000038 9.80000019 262.50000000
293.70001221 39.06292343 44.80166245 176.75999451 -20.20000076 15.69999981 264.70001221
293.85998535 39.06250763 44.80163193 190.61000061 -9.00000000 21.10000038 264.89999390
294.00000000 39.06214523 44.80160141 202.77000427 -1.39999998 22.89999962 264.89999390
294.14001465 39.06178665 44.80157471 214.80000305 4.30000019 22.89999962 264.89999390
294.29000854 39.06143188 44.80154419 226.69999695 9.00000000 22.89999962 264.89999390
294.42999268 39.06102753 44.80151367 240.14999390 11.69999981 22.70000076 264.89999390
294.57998657 39.06067276 44.80148315 251.77999878 12.19999981 22.60000038 264.89999390
294.70999146 39.06037521 44.80145645 261.66000366 10.30000019 22.50000000 264.89999390
294.85998535 39.05997467 44.80142212 274.67999268 8.10000038 22.29999924 264.89999390
295.00000000 39.05962753 44.80139160 285.94000244 5.59999990 22.20000076 264.89999390
295.10000610 39.05937958 44.80136871 293.92001343 3.90000010 22.10000038 264.89999390
295.20999146 39.05908585 44.80134201 303.39999390 1.79999995 22.10000038 264.89999390
295.35998535 39.05874252 44.80131149 314.35998535 -0.69999999 21.89999962 264.89999390
295.45999146 39.05849838 44.80128860 322.10998535 -2.09999990 21.79999924 264.89999390
295.55999756 39.05825806 44.80126572 329.79998779 -3.00000000 21.70000076 264.89999390
295.67001343 39.05801392 44.80124283 337.42999268 -3.20000005 21.60000038 264.89999390
295.77999878 39.05772400 44.80121613 346.50000000 -3.20000005 21.60000038 264.89999390
295.89999390 39.05743790 44.80118942 355.48999023 -3.29999995 21.50000000 264.89999390
296.02999878 39.05715179 44.80115891 364.39999390 -3.40000010 21.39999962 264.89999390
296.16000366 39.05681610 44.80112839 374.70001221 -3.40000010 21.29999924 264.89999390
296.27999878 39.05653381 44.80109787 383.48001099 -3.40000010 21.20000076 264.89999390
296.42001343 39.05620575 44.80106354 393.66000366 -3.50000000 21.20000076 264.89999390
296.55999756 39.05587769 44.80102921 403.76998901 -3.50000000 21.20000076 264.89999390
296.66000366 39.05564499 44.80100632 410.95001221 -3.50000000 21.10000038 264.89999390
296.76998901 39.05541611 44.80097961 418.10000610 -3.79999995 21.10000038 264.89999390
296.89001465 39.05509186 44.80094528 428.04000854 -3.90000010 21.10000038 264.89999390
297.01000977 39.05486298 44.80091858 435.08999634 -4.00000000 21.10000038 264.89999390
297.11999512 39.05458832 44.80088806 443.51000977 -4.30000019 21.00000000 264.89999390
297.23001099 39.05431747 44.80085754 451.88000488 -4.40000010 21.00000000 264.89999390
297.33999634 39.05409241 44.80083084 458.80999756 -4.40000010 21.00000000 264.89999390
297.44000244 39.05386734 44.80080414 465.70001221 -4.40000010 21.00000000 264.89999390
297.54998779 39.05364227 44.80077744 472.55999756 -4.69999981 20.89999962 264.89999390
297.66000366 39.05337524 44.80074692 480.73001099 -4.80000019 20.89999962 264.89999390
297.76998901 39.05310822 44.80071259 488.85000610 -4.80000019 20.79999924 264.89999390
297.89001465 39.05284119 44.80068207 496.91000366 -4.90000010 20.79999924 264.89999390
298.01000977 39.05262375 44.80065155 503.57998657 -4.80000019 20.70000076 264.89999390
298.14999390 39.05231857 44.80061340 512.84997559 -4.59999990 20.70000076 264.89999390
298.32000732 39.05192566 44.80056381 524.65997314 -4.90000010 20.60000038 264.89999390
298.42999268 39.05171204 44.80053711 531.16998291 -4.90000010 20.60000038 264.89999390
298.54000854 39.05145264 44.80050278 538.90997314 -4.80000019 20.50000000 264.79998779
298.67999268 39.05115128 44.80046082 547.88000488 -4.80000019 20.39999962 264.79998779
298.79000854 39.05089569 44.80042648 555.50000000 -4.80000019 20.39999962 264.79998779
298.92999268 39.05064392 44.80039215 563.05999756 -4.90000010 20.29999924 264.79998779
299.04000854 39.05038834 44.80035782 570.55999756 -4.90000010 20.29999924 264.79998779
299.14999390 39.05018234 44.80032730 576.76000977 -5.19999981 20.20000076 264.79998779
299.26000977 39.04993057 44.80029297 584.15002441 -4.90000010 20.20000076 264.79998779
299.36999512 39.04972076 44.80026245 590.26000977 -4.80000019 20.10000038 264.79998779
299.48001099 39.04947281 44.80022430 597.53002930 -4.90000010 20.00000000 264.79998779
299.61999512 39.04918671 44.80018234 605.94000244 -5.09999990 19.89999962 264.79998779
299.80999756 39.04881668 44.80012894 616.63000488 -5.00000000 19.79999924 264.79998779
299.94000244 39.04853058 44.80008698 624.84002686 -5.00000000 19.70000076 264.79998779
300.05999756 39.04829025 44.80004883 631.80999756 -5.19999981 19.60000038 264.79998779
300.17999268 39.04804993 44.80001068 638.71997070 -5.00000000 19.60000038 264.79998779
300.30999756 39.04780960 44.79997253 645.57000732 -5.30000019 19.50000000 264.79998779
300.45001221 39.04748917 44.79991913 654.59997559 -5.40000010 19.29999924 264.79998779
300.60000610 39.04721451 44.79987717 662.40002441 -5.09999990 19.29999924 264.79998779
300.73001099 39.04693985 44.79983139 670.11999512 -5.19999981 19.20000076 264.79998779
300.86999512 39.04666519 44.79978561 677.76000977 -5.40000010 19.00000000 264.79998779
300.98001099 39.04647064 44.79975510 683.15002441 -5.30000019 18.89999962 264.79998779
301.10998535 39.04619980 44.79970932 690.64001465 -5.30000019 18.79999924 264.79998779
301.22000122 39.04600525 44.79967499 695.92999268 -5.30000019 18.70000076 264.79998779
301.35000610 39.04577637 44.79963684 702.21997070 -5.30000019 18.60000038 264.79998779
301.47000122 39.04550934 44.79959106 709.46997070 -5.19999981 18.50000000 264.79998779
301.60000610 39.04528046 44.79954910 715.61999512 -5.40000010 18.39999962 264.79998779
301.73999023 39.04501724 44.79949951 722.71997070 -5.50000000 18.29999924 264.79998779
301.88000488 39.04475403 44.79945374 729.71997070 -5.19999981 18.20000076 264.79998779
302.01000977 39.04449463 44.79940796 736.63000488 -5.50000000 18.00000000 264.79998779
302.17001343 39.04419708 44.79935074 744.42999268 -5.50000000 17.89999962 264.79998779
302.27999878 39.04401398 44.79931641 749.23999023 -5.40000010 17.79999924 264.79998779
302.41000366 39.04379272 44.79927444 754.96002197 -5.40000010 17.70000076 264.79998779
302.55999756 39.04349899 44.79922104 762.46997070 -5.40000010 17.50000000 264.79998779
302.72000122 39.04320908 44.79916382 769.86999512 -5.09999990 17.29999924 264.79998779
302.82998657 39.04299164 44.79912186 775.34997559 -5.50000000 17.20000076 264.79998779
302.95001221 39.04281235 44.79908752 779.85998535 -5.19999981 17.10000038 264.79998779
303.07000732 39.04259872 44.79904175 785.21002197 -5.09999990 17.00000000 264.79998779
303.20001221 39.04235077 44.79899216 791.38000488 -5.30000019 16.89999962 264.79998779
303.30999756 39.04217148 44.79895782 795.72998047 -5.19999981 16.79999924 264.79998779
303.42001343 39.04196167 44.79891205 800.88000488 -5.40000010 16.60000038 264.79998779
303.60998535 39.04164505 44.79885101 808.50000000 -5.40000010 16.39999962 264.79998779
303.73999023 39.04140091 44.79879761 814.30999756 -5.59999990 16.20000076 264.79998779
303.85998535 39.04119492 44.79875565 819.22998047 -5.40000010 16.10000038 264.79998779
303.98999023 39.04098892 44.79870987 824.08001709 -5.40000010 16.00000000 264.79998779
304.10000610 39.04078293 44.79866791 828.86999512 -5.40000010 15.80000019 264.79998779
304.20999146 39.04061127 44.79862976 832.80999756 -5.30000019 15.80000019 264.79998779
304.30999756 39.04040909 44.79858398 837.46997070 -5.69999981 15.60000038 264.79998779
304.41000366 39.04024124 44.79854584 841.30999756 -5.59999990 15.39999962 264.79998779
304.54998779 39.04000473 44.79849625 846.59997559 -5.40000010 15.30000019 264.79998779
304.67001343 39.03983688 44.79845810 850.33001709 -5.30000019 15.10000038 264.79998779
304.79998779 39.03960419 44.79840469 855.47998047 -5.19999981 15.00000000 264.79998779
304.91000366 39.03940582 44.79835892 859.80999756 -5.50000000 14.89999962 264.79998779
305.04000854 39.03920746 44.79831314 864.08001709 -5.40000010 14.69999981 264.79998779
305.14999390 39.03904343 44.79827499 867.59002686 -5.50000000 14.50000000 264.79998779
