277.26000977 39.23044968 44.93803787 1091.91003418 0.00000000 0.00000000 214.89999390
277.32000732 39.23031616 44.93792343 1090.43994141 0.00000000 0.00000000 214.89999390
277.47000122 39.23000336 44.93765259 1087.16003418 0.00000000 0.00000000 214.80000305
277.60000610 39.22969055 44.93738556 1084.08996582 0.00000000 -4.69999981 212.60000610
277.75000000 39.22937775 44.93711472 1081.22998047 0.00000000 -4.30000019 208.50000000
277.89001465 39.22911453 44.93682098 1078.96997070 0.00000000 -3.70000005 203.80000305
278.01998901 39.22889328 44.93650818 1078.26000977 0.00000000 -2.09999990 199.39999390
278.16000366 39.22869492 44.93617249 1079.40002441 0.00000000 0.40000001 195.89999390
278.29998779 39.22849274 44.93580246 1082.19995117 0.00000000 2.79999995 196.89999390
278.44000244 39.22827148 44.93540192 1086.63000488 0.00000000 4.59999990 197.30000305
278.57998657 39.22802734 44.93497849 1092.00000000 0.00000000 5.69999981 198.19999695
278.70001221 39.22779846 44.93459320 1097.13000488 0.00000000 6.19999981 198.80000305
278.85000610 39.22750854 44.93412018 1103.39001465 0.00000000 6.19999981 199.50000000
278.98999023 39.22719193 44.93362045 1109.85998535 0.00000000 6.09999990 200.00000000
279.13000488 39.22679901 44.93301392 1117.34997559 0.00000000 5.90000010 200.89999390
279.27999878 39.22642517 44.93245697 1123.81994629 -58.79999924 5.59999990 201.50000000
279.42999268 39.22602081 44.93187714 1130.20996094 -34.09999847 5.19999981 202.00000000
279.57000732 39.22552490 44.93117523 1137.42004395 -11.39999962 4.90000010 202.60000610
279.67999268 39.22520065 44.93072510 1141.80004883 4.09999990 4.59999990 203.10000610
279.82998657 39.22471237 44.93006897 1147.64001465 19.79999924 4.19999981 203.89999390
279.98001099 39.22410965 44.92929077 1153.65002441 29.10000038 3.70000005 204.89999390
280.13000488 39.22354507 44.92858887 1158.09997559 33.00000000 3.09999990 205.89999390
280.27999878 39.22284698 44.92775726 1161.94995117 34.79999924 2.29999995 207.10000610
280.42001343 39.22219086 44.92701340 1164.06005859 36.59999847 1.60000002 208.10000610
280.57000732 39.22138977 44.92613602 1164.93005371 39.59999847 0.69999999 209.19999695
280.70001221 39.22074890 44.92546463 1164.44995117 42.09999847 0.10000000 210.00000000
280.85000610 39.21996689 44.92466354 1162.67004395 45.20000076 -0.69999999 210.80000305
280.95001221 39.21926498 44.92396164 1160.10998535 47.90000153 -1.20000005 211.39999390
281.10000610 39.21840668 44.92312622 1155.97998047 49.70000076 -1.79999995 212.00000000
281.25000000 39.21750641 44.92227173 1150.71997070 49.59999847 -2.29999995 212.50000000
281.35000610 39.21684647 44.92164612 1146.30004883 49.09999847 -2.70000005 212.80000305
281.45001221 39.21616364 44.92101288 1141.39001465 48.09999847 -2.90000010 213.19999695
281.60000610 39.21504211 44.91999054 1132.67004395 45.29999924 -3.29999995 213.60000610
281.70999146 39.21419144 44.91922760 1125.63000488 43.20000076 -3.59999990 214.00000000
281.82000732 39.21348190 44.91859055 1119.44995117 40.40000153 -3.79999995 214.19999695
281.92001343 39.21276474 44.91796112 1113.02001953 37.50000000 -3.90000010 214.39999390
282.01998901 39.21204758 44.91732788 1106.31994629 34.59999847 -4.09999990 214.69999695
282.13000488 39.21132278 44.91670227 1099.36999512 31.79999924 -4.30000019 214.89999390
282.27999878 39.21015930 44.91570282 1087.72998047 28.10000038 -4.50000000 215.30000305
282.42001343 39.20913696 44.91483307 1077.05004883 25.20000076 -4.69999981 215.80000305
282.51998901 39.20839691 44.91421509 1069.18994141 23.39999962 -4.90000010 216.10000610
282.64999390 39.20735550 44.91335678 1057.96997070 21.89999962 -5.00000000 216.50000000
282.75000000 39.20660400 44.91274643 1049.88000488 21.20000076 -5.09999990 216.89999390
282.85998535 39.20585251 44.91213989 1041.80004883 20.50000000 -5.09999990 217.19999695
283.01000977 39.20478439 44.91129684 1030.67004395 20.00000000 -5.09999990 217.69999695
283.16000366 39.20355988 44.91033936 1018.40997314 20.29999924 -4.90000010 218.10000610
283.26000977 39.20278549 44.90974426 1011.10998535 20.70000076 -4.80000019 218.30000305
283.39999390 39.20169830 44.90891266 1001.40997314 21.00000000 -4.50000000 218.60000610
283.50000000 39.20092010 44.90832138 994.90002441 21.29999924 -4.30000019 218.69999695
283.64999390 39.19966507 44.90737534 985.19000244 21.29999924 -4.00000000 218.89999390
283.79000854 39.19872284 44.90666962 978.42999268 20.60000038 -3.70000005 219.10000610
283.89999390 39.19778061 44.90596771 972.03002930 20.00000000 -3.50000000 219.10000610
284.04998779 39.19667816 44.90514374 964.70001221 18.60000038 -3.40000010 219.10000610
284.14999390 39.19588852 44.90455627 959.48999023 17.50000000 -3.29999995 219.19999695
284.29998779 39.19462967 44.90361786 951.22998047 15.00000000 -3.29999995 219.19999695
284.44000244 39.19352341 44.90279770 944.03997803 12.89999962 -3.29999995 219.30000305
284.58999634 39.19226074 44.90186310 935.85998535 10.30000019 -3.29999995 219.39999390
284.72000122 39.19131088 44.90116119 929.73999023 8.50000000 -3.20000005 219.50000000
284.83999634 39.19036102 44.90046310 923.59997559 7.19999981 -3.20000005 219.69999695
285.00000000 39.18908691 44.89953613 915.33001709 6.00000000 -3.29999995 220.00000000
285.14999390 39.18796539 44.89872742 907.92999268 5.40000010 -3.29999995 220.30000305
285.29998779 39.18667603 44.89780807 899.14001465 5.80000019 -3.40000010 220.60000610
285.39999390 39.18586731 44.89723587 893.40997314 6.19999981 -3.50000000 220.89999390
285.50000000 39.18505478 44.89666748 887.40997314 7.00000000 -3.70000005 221.19999695
285.60000610 39.18423843 44.89610291 881.14001465 8.10000038 -3.79999995 221.39999390
285.70999146 39.18325806 44.89543152 873.21997070 9.50000000 -4.09999990 221.80000305
285.82000732 39.18243408 44.89487076 866.28997803 10.69999981 -4.30000019 222.10000610
285.92999268 39.18160248 44.89431763 859.09002686 12.00000000 -4.40000010 222.39999390
286.02999878 39.18077087 44.89376450 851.66998291 13.39999962 -4.59999990 222.69999695
286.13000488 39.17976761 44.89310455 842.57000732 15.00000000 -4.69999981 223.10000610
286.23999023 39.17892456 44.89256287 834.94000244 16.10000038 -4.80000019 223.39999390
286.33999634 39.17807770 44.89202118 827.35998535 17.29999924 -4.80000019 223.69999695
286.44000244 39.17723083 44.89148331 819.91998291 18.29999924 -4.80000019 224.00000000
286.54998779 39.17637634 44.89094925 812.69000244 19.20000076 -4.69999981 224.19999695
286.67999268 39.17517853 44.89020157 802.97998047 20.10000038 -4.50000000 224.39999390
286.79000854 39.17432022 44.88967133 796.40002441 20.39999962 -4.30000019 224.60000610
286.89001465 39.17328644 44.88903427 788.88000488 20.70000076 -4.09999990 224.69999695
287.00000000 39.17242432 44.88850784 782.95001221 20.50000000 -3.90000010 224.80000305
287.10000610 39.17155838 44.88797760 777.34002686 20.10000038 -3.70000005 224.89999390
287.20999146 39.17069626 44.88745117 772.04998779 19.29999924 -3.50000000 225.00000000
287.30999756 39.16965485 44.88682175 766.16998291 18.29999924 -3.29999995 225.00000000
287.42001343 39.16878891 44.88629532 761.67999268 17.00000000 -3.00000000 225.10000610
287.51998901 39.16792297 44.88576889 757.54998779 15.60000038 -2.79999995 225.10000610
287.63000488 39.16705322 44.88524246 753.83001709 13.80000019 -2.50000000 225.00000000
287.73999023 39.16601562 44.88461304 749.89001465 12.10000038 -2.29999995 225.00000000
287.83999634 39.16514587 44.88408279 747.03997803 10.39999962 -2.00000000 224.89999390
287.94000244 39.16428375 44.88355637 744.59002686 8.80000019 -1.79999995 224.80000305
288.05999756 39.16324615 44.88291931 742.15997314 6.80000019 -1.50000000 224.60000610
288.16000366 39.16238403 44.88238907 740.53002930 5.00000000 -1.20000005 224.50000000
288.27999878 39.16135406 44.88175201 739.04998779 3.00000000 -0.89999998 224.30000305
288.38000488 39.16049957 44.88121414 738.15997314 1.29999995 -0.69999999 224.10000610
288.48999023 39.15964508 44.88067627 737.53997803 -0.50000000 -0.50000000 223.89999390
288.60000610 39.15862274 44.88003159 737.08001709 -2.29999995 -0.30000001 223.60000610
288.73001099 39.15743637 44.87927246 736.71002197 -4.59999990 -0.20000000 223.39999390
288.83999634 39.15659332 44.87872696 736.45001221 -6.19999981 -0.20000000 223.39999390
288.95001221 39.15574646 44.87818527 736.16998291 -7.59999990 -0.20000000 223.39999390
289.05999756 39.15473175 44.87753296 735.82000732 -8.80000019 -0.20000000 223.30000305
289.16000366 39.15389252 44.87699127 735.48999023 -9.60000038 -0.20000000 223.30000305
289.26000977 39.15306091 44.87645340 735.07000732 -10.10000038 -0.20000000 223.19999695
289.35998535 39.15223694 44.87591934 734.54998779 -10.19999981 -0.30000001 223.10000610
289.45999146 39.15142441 44.87538910 733.84002686 -10.19999981 -0.40000001 222.89999390
289.60998535 39.15013504 44.87454224 732.21997070 -10.00000000 -0.60000002 222.69999695
289.72000122 39.14934540 44.87401962 730.80999756 -9.30000019 -0.80000001 222.60000610
289.82998657 39.14855957 44.87350082 729.00000000 -8.69999981 -1.00000000 222.50000000
289.98001099 39.14732742 44.87268066 725.22998047 -8.19999981 -1.50000000 222.39999390
290.07998657 39.14657211 44.87217712 722.23999023 -7.80000019 -1.79999995 222.30000305
290.20001221 39.14567566 44.87157440 717.96002197 -7.69999981 -2.20000005 222.19999695
290.29998779 39.14493561 44.87108231 713.77001953 -7.40000010 -2.70000005 222.19999695
290.45001221 39.14392090 44.87039948 706.97998047 -7.19999981 -3.29999995 222.30000305
290.60000610 39.14277649 44.86963654 697.78997803 -6.69999981 -4.00000000 222.30000305
290.72000122 39.14193726 44.86907578 689.90997314 -6.19999981 -4.59999990 222.30000305
290.86999512 39.14083481 44.86833954 678.09002686 -5.50000000 -5.40000010 222.19999695
291.01998901 39.13989258 44.86770248 666.54998779 -4.59999990 -6.09999990 222.00000000
291.13000488 39.13922882 44.86725616 657.70001221 -3.90000010 -6.69999981 221.80000305
291.23999023 39.13845062 44.86672211 646.50000000 -3.59999990 -7.09999990 221.39999390
291.35000610 39.13768387 44.86619186 634.79998779 -3.70000005 -7.59999990 221.00000000
291.47000122 39.13693237 44.86566162 622.78997803 -4.09999990 -8.00000000 220.60000610
291.58999634 39.13631439 44.86522293 612.70001221 -4.80000019 -8.19999981 220.19999695
291.72000122 39.13546371 44.86460876 598.72998047 -6.59999990 -8.30000019 219.69999695
291.82998657 39.13475037 44.86408234 587.09997559 -8.50000000 -8.19999981 219.39999390
291.95001221 39.13404465 44.86355591 575.88000488 -10.60000038 -8.10000038 219.19999695
292.07000732 39.13335037 44.86303711 565.09997559 -12.60000038 -7.80000019 219.00000000
292.17999268 39.13277817 44.86260986 556.46002197 -14.30000019 -7.59999990 218.89999390
292.27999878 39.13221359 44.86218262 548.11999512 -15.69999981 -7.40000010 218.80000305
292.42999268 39.13142776 44.86159134 536.96002197 -16.89999962 -7.09999990 218.69999695
292.57000732 39.13054657 44.86091995 524.96002197 -17.20000076 -6.80000019 218.60000610
292.70999146 39.12989044 44.86042404 516.52001953 -16.50000000 -6.50000000 218.60000610
292.80999756 39.12935257 44.86001587 509.85998535 -15.39999962 -6.30000019 218.50000000
292.95999146 39.12850189 44.85936737 500.00000000 -13.30000019 -5.90000010 218.50000000
293.10000610 39.12776947 44.85880661 492.23001099 -11.39999962 -5.40000010 218.50000000
293.22000122 39.12715149 44.85832977 486.22000122 -9.39999962 -5.00000000 218.50000000
293.42001343 39.12612915 44.85755157 477.63000488 -6.59999990 -4.30000019 218.50000000
293.55999756 39.12542725 44.85701370 472.70001221 -5.09999990 -3.79999995 218.60000610
293.70001221 39.12473297 44.85648727 468.67999268 -3.59999990 -3.09999990 218.69999695
293.85998535 39.12394714 44.85589600 465.14999390 -2.09999990 -2.50000000 219.00000000
294.00000000 39.12326813 44.85538483 462.95999146 -0.80000001 -1.89999998 219.30000305
294.14001465 39.12258911 44.85488510 461.57000732 0.89999998 -1.29999995 219.69999695
294.29000854 39.12191772 44.85439301 460.92001343 2.79999995 -0.69999999 220.10000610
294.42999268 39.12115479 44.85384750 461.01998901 5.30000019 -0.20000000 220.69999695
294.57998657 39.12048721 44.85337830 461.79998779 8.39999962 0.40000001 221.30000305
294.70999146 39.11991882 44.85298538 462.92999268 11.10000038 0.80000001 221.80000305
294.85998535 39.11915970 44.85247421 465.07000732 15.00000000 1.29999995 222.60000610
295.00000000 39.11849976 44.85203934 467.48999023 18.20000076 1.70000005 223.30000305
295.10000610 39.11802292 44.85173416 469.52999878 20.50000000 2.09999990 223.80000305
295.20999146 39.11745453 44.85137558 472.27999878 23.29999924 2.40000010 224.39999390
295.35998535 39.11679459 44.85096741 475.89999390 26.29999924 2.79999995 225.19999695
295.45999146 39.11631775 44.85068512 478.76000977 28.39999962 3.09999990 225.80000305
295.55999756 39.11584473 44.85040665 481.80999756 30.20000076 3.40000010 226.30000305
295.67001343 39.11537170 44.85013199 485.07998657 31.89999962 3.70000005 226.89999390
295.77999878 39.11480331 44.84981155 489.26000977 33.90000153 4.00000000 227.60000610
295.89999390 39.11423492 44.84950256 493.72000122 35.70000076 4.30000019 228.39999390
296.02999878 39.11357498 44.84914780 499.26000977 37.59999847 4.69999981 229.19999695
296.16000366 39.11300659 44.84885406 504.27999878 38.50000000 5.00000000 230.00000000
296.27999878 39.11244202 44.84856796 509.54000854 39.59999847 5.30000019 230.69999695
296.42001343 39.11178589 44.84824753 515.96002197 40.50000000 5.69999981 231.60000610
296.55999756 39.11112595 44.84793472 522.61999512 41.59999847 6.00000000 232.60000610
296.66000366 39.11065674 44.84772110 527.50000000 42.29999924 6.19999981 233.30000305
296.76998901 39.11019135 44.84751129 532.42999268 42.59999847 6.30000019 234.00000000
296.89001465 39.10953522 44.84722900 539.38000488 43.40000153 6.50000000 235.00000000
297.01000977 39.10906601 44.84703445 544.30999756 43.59999847 6.59999990 235.80000305
297.11999512 39.10850525 44.84680939 550.13000488 44.50000000 6.50000000 236.69999695
297.23001099 39.10794067 44.84659195 555.78002930 45.50000000 6.40000010 237.60000610
297.33999634 39.10747147 44.84641647 560.28997803 46.09999847 6.30000019 238.39999390
297.44000244 39.10700226 44.84624481 564.59002686 47.09999847 6.09999990 239.10000610
297.54998779 39.10652924 44.84607697 568.61999512 47.90000153 5.80000019 239.80000305
297.66000366 39.10596466 44.84588623 573.04998779 49.29999924 5.40000010 240.69999695
297.76998901 39.10540009 44.84570312 577.01000977 50.40000153 4.90000010 241.50000000
297.89001465 39.10483551 44.84552765 580.41998291 51.59999847 4.40000010 242.30000305
298.01000977 39.10437012 44.84538269 582.84002686 51.50000000 3.79999995 242.89999390
298.14999390 39.10362244 44.84516525 585.79998779 52.90000153 2.90000010 243.89999390
298.32000732 39.10287857 44.84495926 587.58001709 53.20000076 2.00000000 244.89999390
298.42999268 39.10241699 44.84483719 588.03997803 52.90000153 1.20000005 245.60000610
298.54000854 39.10186768 44.84469604 587.94000244 53.29999924 0.40000001 246.30000305
298.67999268 39.10122681 44.84453964 586.86999512 53.00000000 -0.69999999 247.10000610
298.79000854 39.10068130 44.84440994 585.09997559 53.50000000 -1.60000002 247.80000305
298.92999268 39.10014343 44.84428787 582.53002930 52.09999847 -2.79999995 248.50000000
299.04000854 39.09960556 44.84417343 579.14001465 51.20000076 -3.79999995 249.19999695
299.14999390 39.09916306 44.84407806 575.67999268 49.09999847 -4.69999981 249.69999695
299.26000977 39.09863663 44.84397507 570.78997803 47.29999924 -5.80000019 250.30000305
299.36999512 39.09811401 44.84387207 565.07000732 46.20000076 -6.90000010 250.89999390
299.48001099 39.09767914 44.84379578 559.70001221 44.40000153 -7.90000010 251.39999390
299.61999512 39.09708405 44.84368896 551.26000977 42.20000076 -9.30000019 252.30000305
299.80999756 39.09632111 44.84356308 539.04998779 39.20000076 -10.89999962 253.60000610
299.94000244 39.09573364 44.84347534 528.65002441 38.29999924 -11.89999962 254.80000305
300.05999756 39.09523773 44.84341049 519.29998779 37.79999924 -12.69999981 255.89999390
300.17999268 39.09473801 44.84335327 509.73001099 37.40000153 -13.30000019 257.00000000
300.30999756 39.09424591 44.84329987 500.14001465 37.40000153 -13.60000038 258.10000610
300.45001221 39.09358215 44.84324265 487.66000366 39.20000076 -13.50000000 259.20001221
300.60000610 39.09300995 44.84319687 477.17999268 40.50000000 -13.10000038 260.00000000
300.73001099 39.09243393 44.84315872 467.17001343 41.90000153 -12.60000038 260.60000610
300.86999512 39.09185791 44.84312439 457.61999512 43.59999847 -12.10000038 261.20001221
300.98001099 39.09145355 44.84310150 451.10000610 44.29999924 -11.69999981 261.60000610
301.10998535 39.09088516 44.84307480 442.39999390 44.29999924 -11.19999981 262.10000610
301.22000122 39.09048080 44.84305573 436.51998901 43.50000000 -10.80000019 262.50000000
301.35000610 39.08999634 44.84304047 429.85998535 41.59999847 -10.19999981 263.00000000
301.47000122 39.08943176 44.84302139 422.67001343 40.00000000 -9.50000000 263.50000000
301.60000610 39.08895111 44.84300995 417.04000854 37.50000000 -8.89999962 264.00000000
301.73999023 39.08839417 44.84299850 411.14999390 34.90000153 -8.00000000 264.60000610
301.88000488 39.08783722 44.84299469 405.98999023 32.20000076 -7.09999990 265.10000610
302.01000977 39.08728790 44.84299088 401.63000488 30.29999924 -6.19999981 265.70001221
302.17001343 39.08665848 44.84299088 397.61999512 28.79999924 -5.00000000 266.20001221
302.27999878 39.08626938 44.84299469 395.64999390 28.10000038 -4.19999981 266.50000000
302.41000366 39.08580017 44.84299850 393.82998657 27.39999962 -3.29999995 266.79998779
302.55999756 39.08518600 44.84300995 392.29000854 27.39999962 -2.20000005 267.10000610
302.72000122 39.08457184 44.84301758 391.72000122 26.60000038 -1.10000002 267.29998779
302.82998657 39.08411407 44.84302521 391.86999512 25.89999962 -0.30000001 267.29998779
302.95001221 39.08366394 44.84303665 392.48001099 24.60000038 0.50000000 267.29998779
303.07000732 39.08328629 44.84304047 393.29000854 22.70000076 1.20000005 267.29998779
303.20001221 39.08276367 44.84305191 394.79998779 20.50000000 1.89999998 267.29998779
303.30999756 39.08238983 44.84305573 396.02999878 18.10000038 2.20000005 267.29998779
303.42001343 39.08194733 44.84306335 397.42999268 15.10000038 2.29999995 267.20001221
303.60998535 39.08128357 44.84307480 399.38000488 9.89999962 2.20000005 267.10000610
303.73999023 39.08076859 44.84307861 400.76998901 6.59999990 2.00000000 266.89999390
303.85998535 39.08032990 44.84308624 401.85000610 3.90000010 1.89999998 266.70001221
303.98999023 39.07989502 44.84308624 402.76998901 1.20000005 1.70000005 266.29998779
304.10000610 39.07945633 44.84309006 403.47000122 -1.10000002 1.39999998 265.89999390
304.20999146 39.07909393 44.84308624 403.85000610 -3.40000010 1.00000000 265.50000000
304.30999756 39.07866287 44.84308624 403.95999146 -5.40000010 0.60000002 265.00000000
304.41000366 39.07830429 44.84307861 403.70999146 -7.59999990 0.00000000 264.50000000
304.54998779 39.07780075 44.84307098 402.75000000 -10.60000038 -1.00000000 263.89999390
304.67001343 39.07744598 44.84306335 401.54998779 -13.10000038 -1.79999995 263.39999390
304.79998779 39.07695007 44.84304810 399.10000610 -16.50000000 -3.09999990 262.79998779
304.91000366 39.07653046 44.84302902 396.17999268 -19.10000038 -4.19999981 262.39999390
305.04000854 39.07611084 44.84301376 392.47000122 -21.20000076 -5.59999990 262.00000000
305.14999390 39.07576370 44.84299850 388.73999023 -22.60000038 -6.90000010 261.60000610
305.26998901 39.07535172 44.84297562 383.50000000 -23.79999924 -8.30000019 261.29998779
305.39999390 39.07487488 44.84295273 376.32998657 -24.10000038 -10.00000000 260.79998779
305.51998901 39.07447433 44.84292984 369.26000977 -23.89999962 -11.60000038 260.29998779
305.64999390 39.07400894 44.84289932 360.00000000 -23.50000000 -13.39999962 259.50000000
305.76998901 39.07361603 44.84287262 351.30999756 -22.39999962 -14.80000019 258.60000610
305.89999390 39.07322693 44.84283829 342.04000854 -21.60000038 -16.10000038 257.39999390
306.04000854 39.07277298 44.84279251 330.75000000 -21.70000076 -17.10000038 255.89999390
306.17001343 39.07232666 44.84273911 319.26998901 -22.79999924 -17.60000038 254.39999390
306.29998779 39.07194901 44.84268570 309.52999878 -24.20000076 -17.79999924 253.30000305
306.44000244 39.07150650 44.84262085 298.47000122 -27.20000076 -17.39999962 252.30000305
306.57998657 39.07106781 44.84254837 287.85998535 -30.70000076 -16.89999962 251.60000610
306.73001099 39.07056427 44.84246063 276.35998535 -35.00000000 -16.10000038 251.00000000
306.82998657 39.07025146 44.84240341 269.52999878 -37.20000076 -15.50000000 250.69999695
306.92999268 39.06994247 44.84234619 263.00000000 -38.90000153 -14.89999962 250.39999390
307.02999878 39.06962967 44.84228516 256.76998901 -40.50000000 -14.30000019 250.10000610
307.14001465 39.06932068 44.84222412 250.88000488 -40.90000153 -13.60000038 249.89999390
307.29000854 39.06882477 44.84212494 242.19999695 -40.50000000 -12.39999962 249.69999695
307.39999390 39.06851196 44.84206390 237.27000427 -38.40000153 -11.60000038 249.60000610
307.50000000 39.06820297 44.84199905 232.77999878 -36.20000076 -10.80000019 249.50000000
307.60998535 39.06789398 44.84193420 228.71000671 -33.20000076 -9.80000019 249.50000000
307.72000122 39.06752777 44.84185791 224.44000244 -30.10000038 -8.69999981 249.60000610
307.82000732 39.06721878 44.84179688 221.42999268 -27.20000076 -7.69999981 249.89999390
307.92999268 39.06684875 44.84172058 218.44999695 -23.89999962 -6.40000010 250.30000305
308.04000854 39.06653976 44.84165955 216.50000000 -20.00000000 -5.30000019 250.69999695
308.17999268 39.06611252 44.84157181 214.47999573 -15.50000000 -3.79999995 249.50000000
308.35000610 39.06557083 44.84144211 211.72999573 -14.80000019 -3.40000010 242.80000305
308.50000000 39.06517029 44.84130859 209.13000488 -20.39999962 -3.90000010 237.19999695
308.67999268 39.06468964 44.84109879 205.36000061 -36.09999847 -4.69999981 229.89999390
308.82000732 39.06434631 44.84091187 202.21000671 -55.70000076 -5.09999990 224.19999695
308.92001343 39.06411743 44.84075928 199.89999390 -74.90000153 -5.30000019 220.10000610
309.10998535 39.06370544 44.84043121 195.41000366 -90.00000000 -5.30000019 212.30000305
309.22000122 39.06352234 44.84025574 193.39999390 -90.00000000 -5.00000000 209.00000000
309.41000366 39.06321716 44.83992767 190.16999817 -90.00000000 -4.30000019 208.60000610
309.51000977 39.06304550 44.83974838 188.44000244 -90.00000000 -4.19999981 209.00000000
309.64001465 39.06280899 44.83949661 186.07000732 -90.00000000 -4.09999990 208.69999695
309.76000977 39.06260681 44.83927917 184.11000061 -90.00000000 -4.00000000 209.19999695
309.88000488 39.06240463 44.83906555 182.24000549 -90.00000000 -3.79999995 208.80000305
310.00000000 39.06220627 44.83885193 180.39999390 -90.00000000 -3.70000005 209.00000000
310.11999512 39.06200409 44.83863831 178.63999939 -90.00000000 -3.59999990 208.80000305
310.23999023 39.06180573 44.83842468 176.96000671 -90.00000000 -3.50000000 209.00000000
310.35998535 39.06160736 44.83821106 175.36000061 -90.00000000 -3.29999995 208.80000305
310.48001099 39.06140900 44.83799744 173.83000183 -83.09999847 -3.20000005 208.80000305
310.60000610 39.06121445 44.83778763 172.33000183 -59.79999924 -3.09999990 208.80000305
310.72000122 39.06101608 44.83757401 170.82000732 -39.50000000 -3.09999990 208.80000305
310.85000610 39.06082153 44.83736420 169.30000305 -22.89999962 -3.09999990 208.80000305
310.97000122 39.06059265 44.83712006 167.55999756 -12.30000019 -3.09999990 208.80000305
311.10000610 39.06039810 44.83691025 166.11999512 -4.00000000 -3.00000000 208.80000305
311.20999146 39.06020737 44.83670044 164.77000427 -1.79999995 -2.90000010 208.80000305
311.32998657 39.06001282 44.83649445 163.50999451 -1.39999998 -2.70000005 208.80000305
311.45999146 39.05982208 44.83628845 162.38999939 -1.50000000 -2.50000000 208.80000305
311.57998657 39.05962753 44.83607864 161.41000366 -1.39999998 -2.20000005 208.80000305
311.70999146 39.05944061 44.83587265 160.61000061 -1.10000002 -1.89999998 208.80000305
311.82998657 39.05924988 44.83566666 159.99000549 -0.89999998 -1.50000000 208.80000305
311.95001221 39.05905914 44.83546448 159.57000732 -1.20000005 -1.10000002 208.80000305
312.05999756 39.05887222 44.83525848 159.33000183 -1.39999998 -0.69999999 208.80000305
312.17999268 39.05868530 44.83505630 159.28999329 -1.29999995 -0.30000001 208.80000305
312.29998779 39.05849838 44.83485413 159.44999695 -1.60000002 0.10000000 208.80000305
312.42001343 39.05831146 44.83464813 159.80999756 -1.89999998 0.50000000 208.80000305
312.54998779 39.05812836 44.83444595 160.38000488 -2.00000000 1.00000000 208.80000305
312.66000366 39.05794525 44.83424759 161.16999817 -2.09999990 1.39999998 208.80000305
312.77999878 39.05776215 44.83404541 162.19000244 -2.20000005 1.89999998 208.80000305
312.91000366 39.05757904 44.83384705 163.27999878 -2.20000005 2.29999995 208.80000305
313.01998901 39.05739594 44.83364868 164.32000732 -2.09999990 2.29999995 208.80000305
313.14001465 39.05721664 44.83345032 165.32000732 -2.29999995 2.20000005 208.80000305
313.25000000 39.05703735 44.83325195 166.27999878 -2.29999995 2.20000005 208.80000305
313.36999512 39.05688858 44.83308792 167.03999329 -1.79999995 2.09999990 208.80000305
313.48001099 39.05670547 44.83288956 167.91000366 -1.50000000 2.00000000 208.80000305
313.60000610 39.05653000 44.83269501 168.75000000 -1.39999998 1.89999998 208.80000305
313.72000122 39.05635071 44.83250046 169.52999878 -1.50000000 1.79999995 208.80000305
313.83999634 39.05617523 44.83230591 170.27999878 -1.29999995 1.70000005 208.80000305
313.95999146 39.05599594 44.83211136 170.97999573 -0.89999998 1.60000002 208.80000305
314.07998657 39.05582047 44.83191681 171.63999939 -0.50000000 1.50000000 208.80000305
314.19000244 39.05564499 44.83172607 172.25999451 -0.30000001 1.39999998 208.80000305
314.32000732 39.05546951 44.83153152 172.83000183 -0.30000001 1.29999995 208.80000305
314.42999268 39.05529785 44.83134079 173.36000061 -0.30000001 1.20000005 208.80000305
314.54000854 39.05515289 44.83118439 173.77999878 -0.30000001 1.20000005 208.80000305
314.66000366 39.05497742 44.83099365 174.22999573 0.00000000 1.10000002 208.80000305
314.76998901 39.05483246 44.83083344 174.58000183 0.30000001 1.00000000 208.80000305
314.88000488 39.05466080 44.83064651 174.96000671 0.00000000 0.89999998 208.80000305
314.98999023 39.05448914 44.83045578 175.30000305 -0.20000000 0.80000001 208.80000305
315.10000610 39.05434418 44.83029938 175.55000305 -0.20000000 0.80000001 208.80000305
315.20999146 39.05417633 44.83011246 175.80999756 0.00000000 0.69999999 208.80000305
315.32000732 39.05403519 44.82995605 176.00000000 0.10000000 0.60000002 208.80000305
315.42999268 39.05386353 44.82977295 176.19000244 0.00000000 0.50000000 208.80000305
315.54000854 39.05372238 44.82961655 176.32000732 0.00000000 0.40000001 208.80000305
315.66000366 39.05355453 44.82942963 176.42999268 0.00000000 0.30000001 208.80000305
315.76998901 39.05338287 44.82924652 176.50999451 -0.10000000 0.20000000 208.80000305
315.88000488 39.05324554 44.82909393 176.53999329 0.40000001 0.20000000 208.80000305
315.98999023 39.05307770 44.82891083 176.55000305 0.30000001 0.10000000 208.80000305
316.10000610 39.05294037 44.82875824 176.52000427 0.00000000 0.00000000 208.80000305
316.20999146 39.05277252 44.82857513 176.44999695 -0.20000000 -0.10000000 208.80000305
316.32000732 39.05263519 44.82842255 176.36999512 0.10000000 -0.20000000 208.80000305
316.44000244 39.05246735 44.82824326 176.22999573 0.20000000 -0.30000001 208.80000305
316.54998779 39.05233002 44.82809067 176.08000183 0.20000000 -0.40000001 208.80000305
316.67999268 39.05213928 44.82788086 175.83000183 0.00000000 -0.50000000 208.80000305
316.79000854 39.05197906 44.82770157 175.57000732 -0.20000000 -0.60000002 208.80000305
316.92999268 39.05178452 44.82749176 175.22000122 -0.10000000 -0.69999999 208.80000305
317.04000854 39.05165100 44.82734299 174.92999268 0.20000000 -0.80000001 208.80000305
317.14999390 39.05148697 44.82716751 174.55999756 0.40000001 -0.89999998 208.80000305
317.26000977 39.05135345 44.82701874 174.21000671 0.30000001 -0.89999998 208.80000305
317.44000244 39.05111313 44.82675552 173.52000427 -0.10000000 -1.10000002 208.80000305
317.55999756 39.05094910 44.82657623 173.00999451 0.20000000 -1.20000005 208.80000305
317.67001343 39.05078888 44.82640457 172.47000122 0.60000002 -1.29999995 208.80000305
317.77999878 39.05065918 44.82625580 171.97999573 0.50000000 -1.39999998 208.80000305
317.89001465 39.05049896 44.82608414 171.36999512 0.30000001 -1.50000000 208.80000305
318.00000000 39.05036545 44.82593918 170.83000183 0.00000000 -1.50000000 208.80000305
318.10998535 39.05023575 44.82579422 170.25999451 0.00000000 -1.60000002 208.80000305
318.20999146 39.05007553 44.82562256 169.53999329 0.20000000 -1.70000005 208.80000305
318.33999634 39.04991913 44.82544708 168.78999329 0.40000001 -1.79999995 208.80000305
318.44000244 39.04978943 44.82530594 168.13000488 0.40000001 -1.89999998 208.80000305
318.54998779 39.04965973 44.82516479 167.44999695 0.20000000 -2.00000000 208.80000305
318.66000366 39.04950333 44.82499313 166.58999634 -0.40000001 -2.09999990 208.80000305
318.76998901 39.04934692 44.82482147 165.69999695 0.00000000 -2.20000005 208.80000305
318.88000488 39.04921722 44.82468033 164.92999268 0.20000000 -2.29999995 208.80000305
318.98999023 39.04906082 44.82451248 163.97999573 0.40000001 -2.40000010 208.80000305
319.10000610 39.04893494 44.82437134 163.14999390 0.60000002 -2.50000000 208.80000305
319.20999146 39.04877853 44.82420349 162.13000488 0.20000000 -2.59999990 208.80000305
319.32000732 39.04865265 44.82406235 161.25000000 -0.10000000 -2.59999990 208.80000305
319.42999268 39.04850006 44.82389450 160.16999817 0.10000000 -2.70000005 208.80000305
319.54000854 39.04837036 44.82375717 159.22999573 0.10000000 -2.79999995 208.80000305
319.66000366 39.04821777 44.82358932 158.08000183 0.80000001 -2.90000010 208.80000305
319.76998901 39.04806519 44.82342529 156.88999939 0.60000002 -3.00000000 208.80000305
319.89999390 39.04791641 44.82325745 155.66999817 0.40000001 -3.09999990 208.80000305
320.02999878 39.04776382 44.82309341 154.41000366 0.20000000 -3.20000005 208.80000305
320.14001465 39.04761505 44.82292938 153.11999512 0.20000000 -3.29999995 208.80000305
320.25000000 39.04746628 44.82276535 151.80000305 0.40000001 -3.40000010 208.80000305
320.36999512 39.04731369 44.82260132 150.44000244 0.60000002 -3.50000000 208.80000305
320.48999023 39.04719162 44.82246780 149.27999878 0.69999999 -3.59999990 208.80000305
320.60000610 39.04704285 44.82230377 147.85000610 0.30000001 -3.70000005 208.80000305
320.72000122 39.04689407 44.82214355 146.39999390 -0.20000000 -3.79999995 208.80000305
320.82998657 39.04674530 44.82198334 144.91000366 -0.20000000 -3.90000010 208.80000305
320.95001221 39.04662323 44.82184601 143.63999939 0.10000000 -4.00000000 208.80000305
321.05999756 39.04647827 44.82168961 142.08999634 0.20000000 -4.09999990 208.80000305
321.17999268 39.04632950 44.82152939 140.50999451 0.40000001 -4.19999981 208.80000305
321.29998779 39.04618454 44.82136917 138.88999939 0.20000000 -4.30000019 208.80000305
321.42001343 39.04603958 44.82120895 137.24000549 -0.20000000 -4.40000010 208.80000305
321.54998779 39.04589462 44.82105255 135.55000305 -0.30000001 -4.50000000 208.80000305
321.67001343 39.04574966 44.82089233 133.83999634 0.00000000 -4.59999990 208.80000305
321.77999878 39.04560471 44.82073593 132.08999634 0.50000000 -4.69999981 208.80000305
321.89001465 39.04545975 44.82057953 130.30999756 0.50000000 -4.80000019 208.80000305
322.01000977 39.04534149 44.82044983 128.80000305 0.40000001 -4.90000010 208.80000305
322.11999512 39.04519653 44.82029343 126.95999908 0.10000000 -5.00000000 208.80000305
322.23999023 39.04505539 44.82013702 125.08999634 -0.10000000 -5.09999990 208.89999390
322.35000610 39.04491425 44.81998444 123.19000244 0.20000000 -5.19999981 208.89999390
322.47000122 39.04477310 44.81982803 121.26000214 0.50000000 -5.30000019 208.89999390
322.58999634 39.04465485 44.81970215 119.62000275 0.50000000 -5.40000010 208.89999390
322.70999146 39.04448700 44.81952286 117.29000092 0.50000000 -5.50000000 208.89999390
322.83999634 39.04434967 44.81937027 115.26999664 -0.10000000 -5.59999990 208.89999390
322.95999146 39.04420853 44.81921387 113.20999908 -0.30000001 -5.69999981 208.89999390
323.07998657 39.04407120 44.81906509 111.12000275 -0.10000000 -5.80000019 208.89999390
323.20001221 39.04393005 44.81891251 109.00000000 0.20000000 -6.00000000 208.89999390
323.29998779 39.04381561 44.81878662 107.20999908 0.20000000 -6.00000000 208.89999390
323.42999268 39.04365158 44.81861115 104.66000366 0.20000000 -6.19999981 208.89999390
323.54000854 39.04354095 44.81848526 102.81999969 0.10000000 -6.30000019 208.89999390
323.66000366 39.04340363 44.81833649 100.58000183 -0.40000001 -6.40000010 208.89999390
323.77999878 39.04326630 44.81818771 98.31999969 -0.10000000 -6.50000000 208.89999390
323.89999390 39.04312897 44.81803894 96.01999664 0.40000001 -6.59999990 208.89999390
324.01000977 39.04301453 44.81791306 94.08000183 0.40000001 -6.69999981 208.89999390
324.11999512 39.04287720 44.81776428 91.73000336 0.20000000 -6.80000019 208.89999390
324.23999023 39.04273987 44.81761932 89.34999847 0.40000001 -6.90000010 208.89999390
324.35000610 39.04260635 44.81747055 86.94000244 0.10000000 -7.00000000 208.89999390
324.47000122 39.04249573 44.81734848 84.90000153 -0.10000000 -7.09999990 208.89999390
324.57998657 39.04236221 44.81720352 82.44000244 0.20000000 -7.19999981 208.89999390
324.69000244 39.04222870 44.81705856 79.94000244 0.40000001 -7.30000019 208.89999390
324.80999756 39.04211426 44.81693649 77.83999634 0.10000000 -7.40000010 208.89999390
324.92001343 39.04198074 44.81679153 75.29000092 0.10000000 -7.50000000 208.89999390
325.02999878 39.04184723 44.81664658 72.72000122 0.20000000 -7.59999990 208.89999390
325.16000366 39.04171753 44.81650162 70.11000061 0.00000000 -7.69999981 208.89999390
325.26998901 39.04160690 44.81638336 67.91999817 -0.50000000 -7.80000019 208.89999390
325.38000488 39.04147720 44.81623840 65.26000214 0.00000000 -7.90000010 208.89999390
325.48999023 39.04134369 44.81609726 62.56999969 0.10000000 -8.00000000 208.89999390
325.60998535 39.04123688 44.81597900 60.31000137 0.00000000 -8.10000038 208.89999390
325.73001099 39.04110336 44.81583405 57.56999969 0.20000000 -8.19999981 208.89999390
325.83999634 39.04097366 44.81569672 54.81000137 0.30000001 -8.30000019 208.89999390
325.95001221 39.04084396 44.81555557 52.00999832 0.00000000 -8.39999962 208.89999390
326.05999756 39.04073715 44.81543732 49.65999985 -0.40000001 -8.50000000 208.89999390
326.17999268 39.04060745 44.81529617 46.81999969 0.00000000 -8.60000038 208.89999390
