226.86999512 39.06512070 44.81386566 720.34002686 0.00000000 0.00000000 217.60000610
227.03999329 39.06481934 44.81364059 719.86999512 0.00000000 0.00000000 217.50000000
227.16000366 39.06455994 44.81344604 719.22998047 0.00000000 -1.00000000 217.50000000
227.27999878 39.06426239 44.81322479 718.30999756 0.00000000 -1.39999998 217.60000610
227.39999390 39.06393814 44.81297684 717.01000977 0.00000000 -1.79999995 217.80000305
227.52000427 39.06358719 44.81270218 715.03002930 0.00000000 -2.40000010 218.30000305
227.64999390 39.06320190 44.81240845 712.72998047 0.00000000 -2.79999995 218.80000305
227.77000427 39.06270599 44.81203461 709.71997070 0.00000000 -3.00000000 219.39999390
227.94999695 39.06199265 44.81151199 705.47998047 0.00000000 -3.00000000 220.00000000
228.08000183 39.06147385 44.81113434 702.51000977 0.00000000 -3.00000000 220.30000305
228.19999695 39.06092072 44.81073761 699.47998047 0.00000000 -2.79999995 220.50000000
228.32000732 39.06033325 44.81031799 696.34997559 0.00000000 -2.79999995 220.50000000
228.44000244 39.05971146 44.80987549 692.83001709 0.00000000 -2.79999995 220.50000000
228.57000732 39.05905914 44.80941010 688.84002686 0.00000000 -3.00000000 220.50000000
228.71000671 39.05813599 44.80875015 682.85998535 0.00000000 -3.20000005 220.50000000
228.83999634 39.05740356 44.80822754 677.97998047 0.00000000 -3.40000010 220.60000610
228.96000671 39.05664062 44.80768585 672.90002441 11.30000019 -3.40000010 220.69999695
229.07000732 39.05583954 44.80711746 667.73999023 10.69999981 -3.40000010 220.89999390
229.19000244 39.05500793 44.80653763 662.67999268 9.89999962 -3.20000005 221.19999695
229.30999756 39.05430984 44.80605316 658.73999023 9.00000000 -3.09999990 221.50000000
229.41999817 39.05347061 44.80547333 654.39001465 8.50000000 -2.79999995 221.89999390
229.53999329 39.05262375 44.80490112 650.51000977 8.00000000 -2.59999990 222.30000305
229.66000366 39.05177307 44.80432892 647.09997559 8.39999962 -2.29999995 222.80000305
229.77000427 39.05091095 44.80376816 644.15002441 9.30000019 -2.00000000 223.30000305
229.88999939 39.05004501 44.80320740 641.60998535 11.00000000 -1.70000005 223.80000305
230.00000000 39.04931641 44.80274582 639.78002930 13.10000038 -1.50000000 224.19999695
230.11999512 39.04843521 44.80219650 637.88000488 15.80000019 -1.29999995 224.69999695
230.22999573 39.04754639 44.80165482 636.25000000 18.60000038 -1.10000002 225.19999695
230.35000610 39.04665375 44.80111694 634.83001709 21.29999924 -1.00000000 225.69999695
230.46000671 39.04590607 44.80067444 633.78002930 23.79999924 -0.80000001 226.10000610
230.57000732 39.04500198 44.80014420 632.63000488 26.10000038 -0.80000001 226.50000000
230.71000671 39.04393768 44.79953384 631.41998291 28.10000038 -0.69999999 227.00000000
230.82000732 39.04317474 44.79910278 630.61999512 29.39999962 -0.60000002 227.30000305
230.94000244 39.04225540 44.79858780 629.72998047 30.39999962 -0.60000002 227.69999695
231.03999329 39.04148483 44.79816055 629.03002930 30.50000000 -0.50000000 228.00000000
231.16000366 39.04055786 44.79765320 628.26000977 30.50000000 -0.50000000 228.30000305
231.27000427 39.03977966 44.79723358 627.69000244 30.10000038 -0.50000000 228.60000610
231.38000488 39.03884506 44.79673386 627.09002686 29.60000038 -0.40000001 228.89999390
231.50000000 39.03790665 44.79623413 626.60998535 28.60000038 -0.30000001 229.19999695
231.61000061 39.03696060 44.79574203 626.27001953 27.79999924 -0.30000001 229.50000000
231.72999573 39.03617477 44.79533386 626.09997559 26.50000000 -0.20000000 229.69999695
231.83999634 39.03522491 44.79484558 626.13000488 25.39999962 -0.10000000 230.00000000
231.94999695 39.03427124 44.79436493 626.55999756 24.70000076 0.10000000 230.30000305
232.05999756 39.03347397 44.79396439 627.16998291 23.79999924 0.30000001 230.60000610
232.17999268 39.03251648 44.79348755 628.09002686 22.79999924 0.50000000 230.89999390
232.27999878 39.03171158 44.79309082 628.94000244 22.10000038 0.60000002 231.10000610
232.38999939 39.03074646 44.79262161 629.95001221 21.50000000 0.60000002 231.30000305
232.50000000 39.02994156 44.79222870 630.71002197 20.89999962 0.60000002 231.50000000
232.61000061 39.02913284 44.79183960 631.35998535 20.00000000 0.50000000 231.60000610
232.74000549 39.02799988 44.79129791 632.05999756 19.29999924 0.40000001 231.80000305
232.85000610 39.02702713 44.79083252 632.41998291 18.79999924 0.30000001 231.89999390
232.96000671 39.02621460 44.79044724 632.53002930 18.00000000 0.20000000 232.00000000
233.05999756 39.02540207 44.79006195 632.44000244 17.29999924 0.00000000 232.10000610
233.16000366 39.02458954 44.78968048 632.10998535 16.39999962 -0.10000000 232.19999695
233.25999451 39.02377319 44.78929901 631.50000000 15.60000038 -0.30000001 232.30000305
233.36999512 39.02279663 44.78884125 630.32000732 14.39999962 -0.50000000 232.39999390
233.47000122 39.02198029 44.78845978 628.90997314 13.39999962 -0.80000001 232.50000000
233.61999512 39.02083588 44.78792953 626.20001221 11.80000019 -1.29999995 232.60000610
233.72000122 39.02001953 44.78755188 623.65997314 10.89999962 -1.60000002 232.69999695
233.82000732 39.01919937 44.78717422 620.59002686 10.00000000 -2.00000000 232.69999695
233.91999817 39.01838684 44.78679657 616.96002197 9.10000038 -2.40000010 232.80000305
234.07000732 39.01709747 44.78620529 610.65002441 7.90000010 -2.90000010 232.80000305
234.22000122 39.01598358 44.78569031 605.11999512 6.90000010 -3.00000000 232.30000305
234.36999512 39.01490021 44.78517151 598.96002197 4.90000010 -3.29999995 230.60000610
234.50999451 39.01370621 44.78455734 591.29998779 0.50000000 -3.59999990 228.30000305
234.61999512 39.01298523 44.78416061 586.32000732 -3.59999990 -3.79999995 226.89999390
234.74000549 39.01214981 44.78367233 580.34002686 -10.00000000 -4.00000000 225.30000305
234.83999634 39.01147461 44.78325653 575.52001953 -16.50000000 -4.00000000 223.89999390
234.94999695 39.01081467 44.78283310 570.96002197 -24.20000076 -3.79999995 222.50000000
235.05999756 39.01005554 44.78231812 566.03002930 -34.29999924 -3.59999990 220.89999390
235.16000366 39.00944519 44.78187943 562.53002930 -43.70000076 -3.29999995 219.69999695
235.30999756 39.00861740 44.78126526 558.40997314 -57.09999847 -2.70000005 219.19999695
235.41999817 39.00791550 44.78074265 555.03997803 -65.80000305 -2.40000010 219.50000000
235.57000732 39.00710678 44.78014374 551.15997314 -73.50000000 -2.40000010 219.19999695
235.67999268 39.00642395 44.77963257 547.80999756 -76.09999847 -2.40000010 219.19999695
235.77999878 39.00585938 44.77920914 545.00000000 -76.19999695 -2.50000000 219.19999695
235.88000488 39.00529861 44.77878952 542.15997314 -74.09999847 -2.50000000 219.19999695
235.97999573 39.00474548 44.77837372 539.32000732 -69.69999695 -2.50000000 219.19999695
236.08999634 39.00419235 44.77796173 536.46997070 -62.09999847 -2.59999990 219.30000305
236.19000244 39.00364685 44.77755356 533.65002441 -53.70000076 -2.59999990 219.30000305
236.28999329 39.00299454 44.77706909 530.28002930 -44.79999924 -2.59999990 219.30000305
236.39999390 39.00246048 44.77666855 527.52001953 -34.79999924 -2.59999990 219.30000305
236.50000000 39.00192642 44.77626801 524.78997803 -26.20000076 -2.59999990 219.30000305
236.60000610 39.00139999 44.77587509 522.09997559 -19.70000076 -2.59999990 219.30000305
236.72999573 39.00077057 44.77540588 518.92999268 -12.19999981 -2.50000000 219.30000305
236.83000183 39.00025177 44.77502060 516.34002686 -7.69999981 -2.50000000 219.30000305
236.92999268 38.99973679 44.77463531 513.78997803 -4.40000010 -2.50000000 219.30000305
237.02999878 38.99912643 44.77417755 510.79000854 -1.89999998 -2.50000000 219.30000305
237.13000488 38.99861908 44.77379990 508.32000732 -0.60000002 -2.40000010 219.30000305
237.24000549 38.99811554 44.77342606 505.89001465 -0.10000000 -2.40000010 219.30000305
237.33999634 38.99761963 44.77305603 503.48999023 0.10000000 -2.40000010 219.30000305
237.44000244 38.99712372 44.77268600 501.10998535 0.20000000 -2.40000010 219.30000305
237.53999329 38.99663544 44.77231979 498.76000977 0.30000001 -2.40000010 219.30000305
237.64999390 38.99614716 44.77195740 496.39999390 0.30000001 -2.40000010 219.30000305
237.75999451 38.99556732 44.77152252 493.54998779 0.20000000 -2.40000010 219.30000305
237.86999512 38.99509048 44.77116394 491.19000244 0.20000000 -2.50000000 219.30000305
237.97000122 38.99461365 44.77080917 488.83999634 0.20000000 -2.50000000 219.30000305
238.07000732 38.99404526 44.77038574 486.04000854 0.20000000 -2.50000000 219.30000305
238.17999268 38.99357605 44.77003860 483.73001099 0.20000000 -2.50000000 219.30000305
238.28999329 38.99311066 44.76969147 481.42999268 0.10000000 -2.50000000 219.30000305
238.41000366 38.99246597 44.76920700 478.23999023 0.10000000 -2.50000000 219.30000305
238.52000427 38.99200821 44.76886749 475.98001099 0.00000000 -2.50000000 219.30000305
238.64999390 38.99137115 44.76839066 472.85000610 0.00000000 -2.50000000 219.30000305
238.77000427 38.99092102 44.76805496 470.61999512 0.10000000 -2.50000000 219.30000305
238.88000488 38.99038696 44.76765442 467.98001099 0.10000000 -2.50000000 219.30000305
239.00000000 38.98985291 44.76725769 465.35000610 0.00000000 -2.50000000 219.30000305
239.11000061 38.98941803 44.76692963 463.17999268 0.00000000 -2.50000000 219.30000305
239.22000122 38.98889160 44.76654053 460.60000610 0.00000000 -2.50000000 219.30000305
239.32000732 38.98846054 44.76621628 458.45999146 0.00000000 -2.50000000 219.30000305
239.46000671 38.98785782 44.76576614 455.48999023 0.00000000 -2.50000000 219.30000305
239.60000610 38.98725891 44.76532364 452.54000854 0.00000000 -2.50000000 219.30000305
239.69999695 38.98683929 44.76500702 450.45999146 0.00000000 -2.50000000 219.30000305
239.85000610 38.98616791 44.76450729 447.14999390 -0.10000000 -2.50000000 219.30000305
239.97000122 38.98575211 44.76419449 445.10000610 -0.10000000 -2.50000000 219.30000305
240.08999634 38.98517609 44.76376343 442.25000000 0.00000000 -2.50000000 219.30000305
240.21000671 38.98468399 44.76339722 439.82998657 0.00000000 -2.50000000 219.30000305
240.33000183 38.98419952 44.76303482 437.42999268 0.00000000 -2.50000000 219.30000305
240.44999695 38.98371887 44.76267624 435.04998779 0.00000000 -2.50000000 219.30000305
240.58000183 38.98324203 44.76232147 432.70001221 0.00000000 -2.50000000 219.30000305
240.72999573 38.98268890 44.76190948 429.98001099 0.00000000 -2.50000000 219.30000305
240.85000610 38.98222351 44.76155853 427.67001343 0.00000000 -2.50000000 219.30000305
240.97000122 38.98168182 44.76115417 425.00000000 0.10000000 -2.50000000 219.30000305
241.08999634 38.98122406 44.76081467 422.73001099 0.00000000 -2.50000000 219.30000305
241.21000671 38.98077011 44.76047516 420.48999023 -0.10000000 -2.50000000 219.30000305
241.33000183 38.98031616 44.76013565 418.26000977 0.00000000 -2.50000000 219.30000305
241.46000671 38.97986984 44.75980377 416.04998779 0.10000000 -2.50000000 219.30000305
241.58000183 38.97942734 44.75947189 413.86999512 0.00000000 -2.50000000 219.30000305
241.71000671 38.97898865 44.75914383 411.70001221 0.10000000 -2.50000000 219.30000305
241.83000183 38.97848129 44.75876617 409.19000244 0.00000000 -2.50000000 219.30000305
241.96000671 38.97805023 44.75844193 407.05999756 0.00000000 -2.50000000 219.30000305
242.08000183 38.97762299 44.75812531 404.95001221 0.00000000 -2.50000000 219.30000305
242.19999695 38.97719955 44.75780487 402.85000610 0.00000000 -2.50000000 219.30000305
242.33000183 38.97677612 44.75749207 400.76998901 0.10000000 -2.50000000 219.30000305
242.44999695 38.97629166 44.75712967 398.36999512 -0.10000000 -2.50000000 219.30000305
242.58000183 38.97587585 44.75682068 396.32998657 -0.10000000 -2.50000000 219.30000305
242.72999573 38.97533035 44.75641251 393.63000488 -0.10000000 -2.50000000 219.30000305
242.86000061 38.97492599 44.75611115 391.63000488 0.00000000 -2.50000000 219.30000305
242.97999573 38.97452545 44.75580978 389.64999390 0.00000000 -2.50000000 219.30000305
243.13000488 38.97406006 44.75546265 387.35000610 0.00000000 -2.50000000 219.30000305
243.25000000 38.97359848 44.75511932 385.07000732 -0.10000000 -2.50000000 219.30000305
243.38000488 38.97320557 44.75482559 383.14001465 -0.10000000 -2.50000000 219.30000305
243.50999451 38.97281647 44.75453568 381.22000122 0.10000000 -2.50000000 219.30000305
243.63000488 38.97236633 44.75419998 379.00000000 0.00000000 -2.50000000 219.30000305
243.75999451 38.97198486 44.75391388 377.10998535 0.00000000 -2.50000000 219.30000305
243.88999939 38.97154236 44.75358200 374.92001343 0.00000000 -2.50000000 219.30000305
244.02000427 38.97116852 44.75330353 373.05999756 0.00000000 -2.50000000 219.30000305
244.14999390 38.97073364 44.75297546 370.91000366 0.00000000 -2.50000000 219.30000305
244.27999878 38.97035980 44.75270081 369.07998657 0.10000000 -2.50000000 219.30000305
244.41000366 38.96993256 44.75238037 366.95999146 0.10000000 -2.50000000 219.30000305
244.53999329 38.96956635 44.75210571 365.16000366 0.00000000 -2.50000000 219.30000305
244.69000244 38.96908569 44.75174332 362.76998901 -0.10000000 -2.50000000 219.30000305
244.88999939 38.96854401 44.75134277 360.10998535 0.00000000 -2.50000000 219.30000305
245.02000427 38.96812820 44.75102997 358.05999756 0.00000000 -2.50000000 219.30000305
245.14999390 38.96771622 44.75072479 356.01998901 0.10000000 -2.50000000 219.30000305
245.28999329 38.96736526 44.75046158 354.23999023 -0.10000000 -2.50000000 219.30000305
245.41000366 38.96701431 44.75019836 352.41000366 -0.10000000 -2.59999990 219.30000305
245.53999329 38.96660995 44.74989700 350.19000244 0.00000000 -2.70000005 219.30000305
245.67999268 38.96620941 44.74959564 347.89999390 0.10000000 -2.79999995 219.30000305
245.80999756 38.96586609 44.74934006 345.88000488 0.00000000 -2.90000010 219.30000305
245.92999268 38.96546936 44.74904251 343.45001221 0.00000000 -3.00000000 219.30000305
246.05000305 38.96518707 44.74882889 341.67001343 -0.10000000 -3.09999990 219.30000305
246.16999817 38.96479034 44.74853516 339.10000610 -0.20000000 -3.20000005 219.30000305
246.28999329 38.96451187 44.74832535 337.23001099 -0.10000000 -3.29999995 219.30000305
246.41000366 38.96417999 44.74807739 334.92001343 -0.20000000 -3.40000010 219.30000305
246.52999878 38.96384811 44.74782944 332.55999756 -0.30000001 -3.50000000 219.30000305
246.66999817 38.96340561 44.74749756 329.32000732 -0.40000001 -3.59999990 219.30000305
246.78999329 38.96307755 44.74725342 326.82998657 -0.30000001 -3.70000005 219.30000305
246.92999268 38.96274948 44.74700546 324.26998901 -0.40000001 -3.79999995 219.30000305
247.05999756 38.96237183 44.74672318 321.20001221 -0.50000000 -4.00000000 219.30000305
247.19999695 38.96199417 44.74643707 318.04998779 -0.40000001 -4.09999990 219.30000305
247.33999634 38.96161652 44.74615860 314.80999756 -0.40000001 -4.19999981 219.30000305
247.49000549 38.96124268 44.74587631 311.48001099 -0.20000000 -4.40000010 219.30000305
247.63999939 38.96081924 44.74555969 307.57000732 -0.20000000 -4.50000000 219.30000305
247.77999878 38.96044922 44.74528122 304.05999756 -0.30000001 -4.59999990 219.30000305
247.91999817 38.96007919 44.74500275 300.45999146 -0.20000000 -4.80000019 219.30000305
248.05999756 38.95971298 44.74472809 296.76998901 0.10000000 -4.90000010 219.30000305
248.22000122 38.95929337 44.74441528 292.45999146 0.10000000 -5.09999990 219.30000305
248.36000061 38.95893097 44.74414444 288.58999634 0.00000000 -5.19999981 219.30000305
248.50000000 38.95856857 44.74387360 284.64999390 -0.20000000 -5.40000010 219.30000305
248.66000366 38.95815659 44.74356461 280.04000854 -0.10000000 -5.50000000 219.30000305
248.80000305 38.95780182 44.74329376 275.92001343 -0.10000000 -5.59999990 219.30000305
248.92999268 38.95749283 44.74306488 272.32998657 -0.10000000 -5.80000019 219.30000305
249.05999756 38.95713806 44.74279785 268.05999756 -0.30000001 -5.90000010 219.30000305
249.19000244 38.95683289 44.74256897 264.35000610 -0.40000001 -6.00000000 219.30000305
249.32000732 38.95648193 44.74230576 259.94000244 -0.20000000 -6.09999990 219.30000305
249.44999695 38.95618057 44.74208069 256.10000610 0.00000000 -6.30000019 219.30000305
249.58000183 38.95582962 44.74181747 251.55999756 0.10000000 -6.40000010 219.30000305
249.71000671 38.95548248 44.74155426 246.94000244 0.00000000 -6.50000000 219.30000305
249.91000366 38.95503616 44.74122238 240.88999939 0.00000000 -6.69999981 219.30000305
250.05000305 38.95464325 44.74092484 235.41999817 0.10000000 -6.80000019 219.30000305
250.25000000 38.95415115 44.74055862 228.44999695 0.10000000 -7.00000000 219.30000305
250.38999939 38.95381165 44.74030304 223.47999573 0.10000000 -7.09999990 219.30000305
250.52999878 38.95347214 44.74004745 218.44999695 -0.10000000 -7.30000019 219.30000305
250.63999939 38.95322800 44.73986435 214.82000732 -0.10000000 -7.40000010 219.30000305
250.80000305 38.95284271 44.73957443 208.92999268 0.10000000 -7.50000000 219.30000305
250.94000244 38.95250702 44.73932266 203.69999695 0.00000000 -7.59999990 219.30000305
251.22000122 38.95183945 44.73882294 193.05999756 0.00000000 -7.90000010 219.30000305
251.38000488 38.95145798 44.73853683 186.86999512 0.00000000 -8.00000000 219.30000305
251.52000427 38.95112610 44.73828888 181.38000488 0.10000000 -8.10000038 219.30000305
251.66000366 38.95079803 44.73804092 175.82000732 0.20000000 -8.30000019 219.30000305
251.80000305 38.95046997 44.73779297 170.21000671 -0.10000000 -8.39999962 219.30000305
251.94000244 38.95014191 44.73754883 164.53999329 0.20000000 -8.50000000 219.30000305
252.08999634 38.94976807 44.73727036 157.97999573 0.20000000 -8.69999981 219.30000305
252.28999329 38.94935226 44.73695755 150.50000000 0.10000000 -8.80000019 219.30000305
252.44000244 38.94898224 44.73667908 143.77999878 0.10000000 -8.89999962 219.30000305
252.58000183 38.94866180 44.73643875 137.83000183 0.00000000 -9.10000038 219.30000305
252.75000000 38.94829559 44.73616409 130.97000122 0.10000000 -9.19999981 219.30000305
