160.92999268 39.22883224 45.04531860 1582.36999512 0.00000000 0.00000000 93.69999695
161.02000427 39.22912598 45.04529190 1581.84997559 0.00000000 0.00000000 93.69999695
161.16000366 39.22953796 45.04525375 1581.15002441 0.00000000 0.00000000 93.19999695
161.30000305 39.22995377 45.04521561 1580.45996094 0.00000000 -1.20000005 90.09999847
161.44000244 39.23036575 45.04518127 1579.90002441 0.00000000 -1.10000002 85.30000305
161.58000183 39.23078537 45.04519653 1580.36999512 0.00000000 0.00000000 79.69999695
161.72999573 39.23119736 45.04524231 1581.08996582 0.00000000 1.10000002 74.40000153
161.86999512 39.23170471 45.04533386 1582.15002441 0.00000000 1.39999998 70.59999847
162.00999451 39.23218918 45.04542542 1583.75000000 0.00000000 1.89999998 70.09999847
162.14999390 39.23271942 45.04553223 1585.69995117 0.00000000 2.50000000 70.59999847
162.28999329 39.23329163 45.04564285 1588.00000000 0.00000000 2.70000005 70.90000153
162.42999268 39.23391342 45.04576111 1590.75000000 0.00000000 3.00000000 70.59999847
162.64999390 39.23487091 45.04594040 1595.15002441 0.00000000 3.20000005 70.50000000
162.80000305 39.23570251 45.04609680 1599.00000000 0.00000000 3.20000005 70.50000000
162.94000244 39.23647690 45.04624557 1602.59997559 -90.00000000 3.29999995 70.59999847
163.10000610 39.23741531 45.04642487 1606.97998047 -71.09999847 3.29999995 70.59999847
163.22000122 39.23815536 45.04656601 1610.46997070 -49.29999924 3.29999995 70.50000000
163.36000061 39.23905945 45.04673767 1614.96997070 -26.70000076 3.40000010 70.59999847
163.50000000 39.24001312 45.04691696 1619.90002441 -10.80000019 3.59999990 70.90000153
163.63999939 39.24100494 45.04710007 1625.17004395 -2.59999990 3.70000005 71.40000153
163.78999329 39.24204636 45.04728317 1630.54003906 2.09999990 3.70000005 72.30000305
163.92999268 39.24329758 45.04748535 1636.70996094 5.50000000 3.59999990 73.50000000
164.11999512 39.24478149 45.04769897 1643.64001465 10.30000019 3.40000010 75.00000000
164.27999878 39.24617004 45.04787445 1649.91003418 16.20000076 3.29999995 76.40000153
164.39999390 39.24724960 45.04799271 1654.65002441 22.00000000 3.20000005 77.30000305
164.52999878 39.24855804 45.04812241 1660.14001465 28.89999962 3.09999990 78.30000305
164.69000244 39.24991608 45.04823685 1665.54003906 36.20000076 2.90000010 79.19999695
164.80000305 39.25111389 45.04832840 1670.09997559 41.50000000 2.79999995 79.80000305
164.92999268 39.25255966 45.04843140 1675.36999512 46.70000076 2.70000005 80.40000153
165.05999756 39.25383377 45.04851151 1679.89001465 49.00000000 2.59999990 80.80000305
165.19000244 39.25514221 45.04858398 1684.46997070 50.29999924 2.59999990 81.19999695
165.30999756 39.25648499 45.04865646 1689.16003418 50.20000076 2.50000000 81.50000000
165.42999268 39.25809479 45.04874039 1694.80004883 48.59999847 2.50000000 81.69999695
165.55000305 39.25947952 45.04880524 1699.69995117 45.70000076 2.59999990 81.90000153
165.67999268 39.26086807 45.04886627 1704.55004883 41.79999924 2.59999990 82.00000000
165.80999756 39.26248550 45.04893875 1710.11999512 37.00000000 2.50000000 82.00000000
165.92999268 39.26364136 45.04898834 1714.06005859 31.50000000 2.50000000 82.00000000
166.07000732 39.26526260 45.04906082 1719.58996582 26.60000038 2.50000000 82.09999847
166.19000244 39.26688385 45.04913330 1725.18005371 22.29999924 2.50000000 82.09999847
166.36999512 39.26873398 45.04921341 1731.67004395 16.20000076 2.50000000 82.09999847
166.72000122 39.27290344 45.04939651 1746.75000000 7.50000000 2.59999990 82.09999847
166.86000061 39.27452087 45.04946899 1752.76000977 5.00000000 2.70000005 82.09999847
167.05999756 39.27683640 45.04956818 1761.40002441 2.70000005 2.70000005 82.09999847
167.21000671 39.27869034 45.04964828 1768.32995605 1.60000002 2.70000005 82.09999847
167.30999756 39.27984619 45.04969788 1772.65002441 1.00000000 2.70000005 82.09999847
167.46000671 39.28146744 45.04977036 1778.67004395 0.40000001 2.70000005 82.09999847
167.55999756 39.28262329 45.04981995 1782.94995117 0.20000000 2.70000005 82.09999847
167.72999573 39.28447723 45.04990005 1789.77001953 0.10000000 2.70000005 82.09999847
167.86000061 39.28609848 45.04996872 1795.73999023 0.20000000 2.70000005 82.19999695
168.02000427 39.28794861 45.05004883 1802.83996582 0.30000001 2.70000005 82.19999695
168.16000366 39.28956985 45.05011749 1809.35998535 0.40000001 2.90000010 82.19999695
168.27999878 39.29095840 45.05017471 1815.18005371 0.60000002 3.00000000 82.30000305
168.38999939 39.29211426 45.05022049 1820.20996094 0.69999999 3.09999990 82.40000153
168.52999878 39.29373550 45.05028534 1827.54003906 1.10000002 3.20000005 82.50000000
168.66999817 39.29558945 45.05035400 1836.35998535 1.60000002 3.40000010 82.69999695
168.78999329 39.29697800 45.05040359 1843.31005859 2.00000000 3.50000000 82.90000153
168.91000366 39.29813766 45.05044174 1849.32995605 2.59999990 3.70000005 83.09999847
169.02000427 39.29952621 45.05048370 1856.84997559 3.40000010 3.79999995 83.30000305
169.13999939 39.30091476 45.05052185 1864.68994141 4.30000019 4.00000000 83.59999847
169.25999451 39.30230713 45.05055237 1872.84997559 5.50000000 4.19999981 83.90000153
169.38999939 39.30369568 45.05057907 1881.33996582 6.80000019 4.40000010 84.19999695
169.53999329 39.30554962 45.05060577 1893.14001465 8.69999981 4.59999990 84.69999695
169.66000366 39.30693817 45.05062103 1902.33996582 10.39999962 4.69999981 85.00000000
169.77999878 39.30833054 45.05062866 1911.81005859 12.00000000 4.90000010 85.40000153
169.91000366 39.30971909 45.05063248 1921.54003906 13.30000019 5.00000000 85.69999695
170.03999329 39.31134033 45.05062485 1933.15002441 15.00000000 5.19999981 86.09999847
170.16999817 39.31296158 45.05061340 1944.95996094 16.39999962 5.19999981 86.50000000
170.30999756 39.31458282 45.05059052 1956.90002441 17.70000076 5.30000019 87.00000000
170.44999695 39.31620407 45.05056000 1968.89001465 18.70000076 5.40000010 87.40000153
170.61000061 39.31805420 45.05051422 1982.53002930 19.70000076 5.40000010 87.90000153
170.77999878 39.31990814 45.05046082 1995.98999023 20.20000076 5.30000019 88.40000153
170.92999268 39.32152939 45.05039978 2007.52001953 20.79999924 5.19999981 88.80000305
171.08000183 39.32337952 45.05031967 2020.29003906 21.29999924 5.09999990 89.40000153
171.22000122 39.32500076 45.05024338 2031.04003906 21.60000038 4.90000010 89.80000305
171.38000488 39.32685471 45.05014038 2042.71997070 22.10000038 4.69999981 90.40000153
171.53999329 39.32870483 45.05002594 2053.65991211 22.39999962 4.40000010 90.90000153
171.69999695 39.33055496 45.04990387 2063.80004883 22.79999924 4.09999990 91.40000153
171.86000061 39.33240509 45.04976654 2073.05004883 23.29999924 3.70000005 91.90000153
172.00999451 39.33425522 45.04961395 2081.37988281 23.70000076 3.40000010 92.50000000
172.16999817 39.33610153 45.04945374 2088.76000977 23.89999962 3.00000000 93.00000000
172.33000183 39.33771896 45.04930115 2094.37011719 24.00000000 2.70000005 93.40000153
172.44999695 39.33933258 45.04914093 2099.02001953 24.39999962 2.29999995 93.90000153
172.63999939 39.34140778 45.04891968 2103.63989258 24.79999924 1.70000005 94.50000000
172.82000732 39.34346771 45.04868698 2106.86010742 25.10000038 1.29999995 95.09999847
173.00000000 39.34549713 45.04843903 2108.76000977 25.39999962 0.80000001 95.59999847
173.16000366 39.34727859 45.04821396 2109.43994141 25.50000000 0.40000001 96.09999847
173.28999329 39.34859467 45.04803848 2109.35009766 25.39999962 0.10000000 96.50000000
173.44000244 39.35033035 45.04779816 2108.48999023 25.50000000 -0.20000000 96.90000153
173.58000183 39.35182953 45.04758453 2107.06005859 25.29999924 -0.50000000 97.40000153
173.72999573 39.35351944 45.04732895 2104.63989258 25.20000076 -0.89999998 97.90000153
173.88000488 39.35498047 45.04710388 2101.86010742 24.60000038 -1.20000005 98.30000305
174.02000427 39.35642242 45.04687119 2098.43994141 24.20000076 -1.50000000 98.69999695
174.16000366 39.35784912 45.04663086 2094.40991211 24.00000000 -1.89999998 99.19999695
174.32000732 39.35945892 45.04635239 2089.03002930 23.89999962 -2.20000005 99.80000305
174.53999329 39.36162949 45.04595566 2080.32006836 23.79999924 -2.79999995 100.50000000
174.69000244 39.36318207 45.04565811 2073.05004883 24.10000038 -3.09999990 101.09999847
174.83000183 39.36452484 45.04539108 2066.06005859 24.29999924 -3.50000000 101.59999847
174.97000122 39.36584473 45.04512024 2058.48999023 24.60000038 -3.79999995 102.09999847
175.10000610 39.36696625 45.04488373 2051.57006836 24.79999924 -4.09999990 102.50000000
175.22999573 39.36807632 45.04463959 2044.25000000 24.89999962 -4.40000010 102.90000153
175.36999512 39.36953735 45.04431534 2033.91003418 25.39999962 -4.80000019 103.50000000
175.50999451 39.37062073 45.04406357 2025.72998047 25.20000076 -5.09999990 103.90000153
175.66999817 39.37204361 45.04372406 2014.28002930 25.39999962 -5.40000010 104.50000000
175.78999329 39.37327576 45.04342651 2003.78002930 25.60000038 -5.69999981 104.90000153
175.89999390 39.37414932 45.04320908 1996.02001953 25.29999924 -5.90000010 105.30000305
176.08000183 39.37569809 45.04281235 1981.55004883 25.20000076 -6.30000019 105.90000153
176.22999573 39.37688828 45.04249573 1969.85998535 24.89999962 -6.50000000 106.30000305
176.36000061 39.37806320 45.04217911 1957.83996582 24.60000038 -6.80000019 106.80000305
176.49000549 39.37922668 45.04185867 1945.51000977 24.50000000 -7.00000000 107.19999695
176.64999390 39.38053894 45.04148865 1931.06994629 23.70000076 -7.30000019 107.69999695
176.78999329 39.38150787 45.04120636 1920.02001953 23.00000000 -7.50000000 108.09999847
176.91999817 39.38262939 45.04087830 1906.92004395 22.70000076 -7.69999981 108.50000000
177.07000732 39.38389587 45.04049683 1891.71997070 22.50000000 -7.90000010 108.90000153
177.21000671 39.38499069 45.04016113 1878.26000977 22.10000038 -8.10000038 109.30000305
177.35000610 39.38592148 45.03987122 1866.63000488 21.29999924 -8.19999981 109.69999695
177.47999573 39.38699341 45.03952789 1852.98999023 21.10000038 -8.30000019 110.09999847
177.64999390 39.38835144 45.03908920 1835.43005371 20.89999962 -8.50000000 110.59999847
177.86999512 39.38983536 45.03859711 1816.02001953 19.70000076 -8.50000000 111.09999847
178.03999329 39.39115143 45.03814697 1798.75000000 19.50000000 -8.60000038 111.59999847
178.17999268 39.39215851 45.03779984 1785.50000000 19.10000038 -8.50000000 111.90000153
178.33000183 39.39329529 45.03739929 1770.58996582 18.89999962 -8.50000000 112.40000153
178.49000549 39.39427567 45.03704453 1757.75000000 18.29999924 -8.50000000 112.80000305
178.66000366 39.39551926 45.03659058 1741.54003906 18.20000076 -8.39999962 113.30000305
178.82000732 39.39660263 45.03618240 1727.40002441 18.29999924 -8.30000019 113.80000305
178.97999573 39.39767456 45.03577423 1713.45996094 18.20000076 -8.30000019 114.19999695
179.14999390 39.39872742 45.03536606 1699.68005371 18.29999924 -8.30000019 114.69999695
179.30000305 39.39976883 45.03495407 1686.01000977 18.60000038 -8.30000019 115.09999847
179.44000244 39.40066910 45.03459549 1674.10998535 18.60000038 -8.30000019 115.40000153
179.58000183 39.40155792 45.03423309 1662.22998047 18.50000000 -8.39999962 115.69999695
179.72999573 39.40255737 45.03382111 1648.69995117 18.39999962 -8.39999962 116.00000000
179.88000488 39.40342712 45.03345871 1636.89001465 17.89999962 -8.50000000 116.19999695
180.02000427 39.40428543 45.03310013 1625.14001465 17.39999962 -8.50000000 116.50000000
180.16000366 39.40513229 45.03274155 1613.43994141 16.60000038 -8.50000000 116.69999695
180.30000305 39.40597534 45.03237915 1601.80004883 15.60000038 -8.60000038 116.80000305
180.44000244 39.40680695 45.03202438 1590.21997070 14.80000019 -8.60000038 117.00000000
180.58000183 39.40763092 45.03166962 1578.70996094 13.69999981 -8.60000038 117.09999847
180.74000549 39.40856171 45.03126144 1565.64001465 12.39999962 -8.60000038 117.30000305
180.88000488 39.40937042 45.03091049 1554.28002930 11.39999962 -8.60000038 117.50000000
181.00999451 39.41016769 45.03055573 1542.97998047 10.50000000 -8.69999981 117.59999847
181.13999939 39.41084671 45.03025818 1533.33996582 9.80000019 -8.69999981 117.80000305
181.27000427 39.41163254 45.02990723 1522.17004395 9.10000038 -8.69999981 117.90000153
181.38999939 39.41230011 45.02960968 1512.64001465 8.60000038 -8.69999981 118.09999847
181.52000427 39.41296005 45.02931213 1503.15002441 8.19999981 -8.69999981 118.19999695
181.64999390 39.41361618 45.02901459 1493.70996094 7.80000019 -8.80000019 118.40000153
181.80000305 39.41448212 45.02861786 1481.18994141 7.69999981 -8.80000019 118.59999847
181.94000244 39.41522980 45.02827072 1470.29003906 7.80000019 -8.80000019 118.80000305
182.05999756 39.41586685 45.02797699 1460.97998047 7.90000010 -8.80000019 119.00000000
182.19000244 39.41650009 45.02768326 1451.70996094 8.00000000 -8.80000019 119.09999847
182.30999756 39.41712570 45.02738953 1442.43994141 8.10000038 -8.89999962 119.30000305
182.42999268 39.41774750 45.02709198 1433.17004395 8.30000019 -8.89999962 119.40000153
182.55000305 39.41846848 45.02675247 1422.31994629 8.50000000 -9.00000000 119.59999847
182.86999512 39.42008972 45.02597809 1397.19995117 8.39999962 -9.30000019 119.80000305
183.02000427 39.42078781 45.02563858 1386.03002930 8.19999981 -9.39999962 119.90000153
183.19000244 39.42168045 45.02520752 1371.42004395 7.69999981 -9.69999981 120.00000000
183.32000732 39.42227173 45.02492142 1361.48999023 7.30000019 -9.89999962 120.00000000
183.42999268 39.42285538 45.02463913 1351.38000488 6.69999981 -10.10000038 120.00000000
183.55000305 39.42343903 45.02436066 1341.05004883 6.00000000 -10.39999962 119.90000153
183.67999268 39.42401886 45.02408218 1330.43994141 5.00000000 -10.69999981 119.80000305
183.80000305 39.42459106 45.02380753 1319.50000000 4.00000000 -11.10000038 119.69999695
183.92999268 39.42515945 45.02353668 1308.13000488 3.00000000 -11.60000038 119.50000000
184.03999329 39.42572403 45.02326965 1296.23999023 2.00000000 -12.19999981 119.30000305
184.16000366 39.42628098 45.02300644 1283.75000000 0.80000001 -12.89999962 119.09999847
184.27999878 39.42683411 45.02275085 1270.56994629 -0.60000002 -13.69999981 118.90000153
184.38999939 39.42737579 45.02249908 1256.61999512 -1.79999995 -14.60000038 118.59999847
184.50999451 39.42782593 45.02229309 1244.36999512 -3.00000000 -15.60000038 118.40000153
184.64999390 39.42844391 45.02201080 1226.21997070 -4.40000010 -17.00000000 118.00000000
184.75999451 39.42896271 45.02177811 1209.72998047 -5.50000000 -18.00000000 117.69999695
184.88999939 39.42947769 45.02155304 1192.40002441 -6.80000019 -19.29999924 117.19999695
185.00000000 39.42998505 45.02133560 1174.29003906 -7.90000010 -20.50000000 116.69999695
185.13000488 39.43056870 45.02108765 1152.29003906 -9.19999981 -21.70000076 116.09999847
185.24000549 39.43098450 45.02091599 1136.06994629 -10.00000000 -22.70000076 115.59999847
185.35000610 39.43147659 45.02071762 1116.18994141 -11.00000000 -23.50000000 115.00000000
185.49000549 39.43196106 45.02052307 1096.16003418 -11.89999962 -24.20000076 115.00000000
185.66999817 39.43276978 45.02020264 1063.01000977 -12.80000019 -24.39999962 115.00000000
185.77999878 39.43317413 45.02004242 1046.54003906 -13.00000000 -24.39999962 115.00000000
185.88000488 39.43357086 45.01988220 1030.14001465 -13.00000000 -24.39999962 115.00000000
185.99000549 39.43396759 45.01972198 1013.80999756 -12.50000000 -24.39999962 115.00000000
186.08999634 39.43444443 45.01953506 994.26000977 -11.80000019 -24.50000000 115.09999847
