124.11000061 39.18798828 45.05097198 39.88999939 0.00000000 0.00000000 127.50000000
124.27999878 39.18801117 45.05096054 40.43000031 0.00000000 0.00000000 127.40000153
124.43000031 39.18806458 45.05092621 41.74000168 0.00000000 13.00000000 127.19999695
124.54000092 39.18811798 45.05089188 42.91999817 0.00000000 12.60000038 127.09999847
124.66999817 39.18820953 45.05083466 44.97000122 0.00000000 12.00000000 127.00000000
124.79000092 39.18829346 45.05078125 46.68999863 0.00000000 11.50000000 127.00000000
124.90000153 39.18840790 45.05071259 49.02000046 0.00000000 11.00000000 126.40000153
125.01000214 39.18854904 45.05062866 51.56999969 0.00000000 10.50000000 124.90000153
125.12999725 39.18871307 45.05053711 54.20999908 0.00000000 9.69999981 122.90000153
125.23999786 39.18886566 45.05045700 56.38999939 0.00000000 8.80000019 121.00000000
125.36000061 39.18907547 45.05035400 58.88999939 0.00000000 7.69999981 118.69999695
125.47000122 39.18931198 45.05024719 61.22000122 0.00000000 6.59999990 116.59999847
125.58999634 39.18953323 45.05015564 63.16999817 0.00000000 5.90000010 116.40000153
125.69999695 39.18981552 45.05003738 65.70999908 0.00000000 5.59999990 116.30000305
125.81999969 39.19012070 45.04991150 68.44000244 0.00000000 5.59999990 116.30000305
125.93000031 39.19044876 45.04977417 71.37000275 0.00000000 5.59999990 116.30000305
126.04000092 39.19073486 45.04965210 73.94999695 0.00000000 5.59999990 116.40000153
126.16000366 39.19110489 45.04949951 77.23999786 -62.09999847 5.59999990 116.30000305
126.26999664 39.19149399 45.04933929 80.72000122 -60.00000000 5.59999990 116.30000305
126.37999725 39.19183350 45.04919434 83.76000214 -55.00000000 5.59999990 116.30000305
126.50000000 39.19226456 45.04901886 87.52999878 -46.79999924 5.50000000 116.30000305
126.65000153 39.19287109 45.04876328 92.69999695 -35.59999847 5.40000010 116.30000305
126.76999664 39.19327164 45.04859543 95.98000336 -27.10000038 5.19999981 116.30000305
126.90000153 39.19385910 45.04835129 100.62999725 -18.60000038 5.00000000 116.30000305
127.01999664 39.19438553 45.04813385 104.66999817 -12.00000000 4.90000010 116.30000305
127.13999939 39.19493484 45.04790497 108.77999878 -6.80000019 4.80000019 116.30000305
127.27999878 39.19560242 45.04762650 113.69000244 -3.09999990 4.59999990 116.30000305
127.40000153 39.19619751 45.04737854 118.04000092 -0.80000001 4.59999990 116.30000305
127.51999664 39.19681549 45.04711914 122.55000305 0.00000000 4.59999990 116.30000305
127.63999939 39.19745636 45.04685211 127.23999786 -0.10000000 4.59999990 116.30000305
127.84999847 39.19868851 45.04633713 136.41000366 0.00000000 4.59999990 116.40000153
127.98999786 39.19939041 45.04604340 141.72000122 0.20000000 4.69999981 116.50000000
128.11000061 39.20011520 45.04573822 147.25000000 0.40000001 4.80000019 116.59999847
128.22000122 39.20085144 45.04542923 152.88000488 0.60000002 4.80000019 116.59999847
128.33999634 39.20158386 45.04512024 158.52000427 1.00000000 4.80000019 116.69999695
128.47000122 39.20243835 45.04475784 165.08000183 1.29999995 4.80000019 116.69999695
128.58999634 39.20317078 45.04444504 170.66999817 1.70000005 4.80000019 116.69999695
128.74000549 39.20402908 45.04408264 177.16000366 2.09999990 4.69999981 116.69999695
128.86000061 39.20476151 45.04377365 182.67999268 2.40000010 4.69999981 116.69999695
128.97999573 39.20549393 45.04346085 188.16999817 2.50000000 4.69999981 116.69999695
129.10000610 39.20622635 45.04314804 193.63000488 2.59999990 4.69999981 116.69999695
129.22000122 39.20695877 45.04283905 199.08000183 2.59999990 4.59999990 116.80000305
129.35000610 39.20769119 45.04252625 204.52999878 2.29999995 4.59999990 116.80000305
129.47000122 39.20842361 45.04221344 209.97000122 2.09999990 4.59999990 116.80000305
129.58999634 39.20928192 45.04185104 216.33999634 1.70000005 4.59999990 116.80000305
129.72000122 39.21001053 45.04153824 221.80999756 1.50000000 4.59999990 116.80000305
129.83999634 39.21074677 45.04122543 227.30000305 1.20000005 4.69999981 116.80000305
129.97000122 39.21160126 45.04086304 233.74000549 0.80000001 4.69999981 116.80000305
130.10000610 39.21233368 45.04055023 239.27999878 0.69999999 4.69999981 116.80000305
130.22000122 39.21306610 45.04023743 244.83999634 0.50000000 4.69999981 116.80000305
130.35000610 39.21379852 45.03992844 250.41999817 0.40000001 4.69999981 116.80000305
130.47000122 39.21465302 45.03956223 256.95001221 0.40000001 4.69999981 116.80000305
130.60000610 39.21538544 45.03924942 262.54998779 0.40000001 4.80000019 116.80000305
130.75999451 39.21636200 45.03883362 270.04000854 0.40000001 4.80000019 116.80000305
130.88000488 39.21709442 45.03852081 275.67001343 0.40000001 4.80000019 116.90000153
131.00000000 39.21782684 45.03820801 281.29000854 0.40000001 4.80000019 116.90000153
131.13000488 39.21855927 45.03789520 286.89999390 0.40000001 4.80000019 116.90000153
131.25000000 39.21941376 45.03752899 293.41000366 0.50000000 4.69999981 117.00000000
131.36999512 39.22014618 45.03721619 298.92999268 0.60000002 4.69999981 117.09999847
131.50999451 39.22087860 45.03689957 304.41000366 0.80000001 4.69999981 117.30000305
131.63000488 39.22173309 45.03652954 310.75000000 1.29999995 4.59999990 117.50000000
131.75999451 39.22245789 45.03620911 316.14999390 1.89999998 4.59999990 117.80000305
131.88999939 39.22318268 45.03588486 321.54000854 2.79999995 4.59999990 118.19999695
132.00999451 39.22402573 45.03550339 327.79998779 4.30000019 4.59999990 118.80000305
132.13999939 39.22474289 45.03517151 333.14001465 6.00000000 4.50000000 119.40000153
132.25999451 39.22545624 45.03483582 338.44000244 8.30000019 4.50000000 120.00000000
132.38999939 39.22616196 45.03449249 343.64001465 11.10000038 4.50000000 120.69999695
132.50999451 39.22698212 45.03408432 349.54000854 14.30000019 4.30000019 121.50000000
132.64999390 39.22779083 45.03366470 355.17999268 18.39999962 4.19999981 122.40000153
132.77999878 39.22847366 45.03330231 359.73999023 22.10000038 4.00000000 123.19999695
132.91000366 39.22915268 45.03293228 364.01000977 25.89999962 3.70000005 123.90000153
133.02999878 39.22982788 45.03255463 367.92999268 29.79999924 3.50000000 124.59999847
133.14999390 39.23049164 45.03216934 371.48001099 33.20000076 3.20000005 125.30000305
133.27000427 39.23115158 45.03178406 374.61999512 36.29999924 2.90000010 126.00000000
133.38000488 39.23180389 45.03138733 377.32000732 38.90000153 2.50000000 126.69999695
133.50000000 39.23245239 45.03098679 379.57000732 41.50000000 2.09999990 127.30000305
133.61000061 39.23309326 45.03058243 381.35998535 42.90000153 1.79999995 127.90000153
133.72999573 39.23373032 45.03017426 382.66000366 44.00000000 1.39999998 128.39999390
133.85000610 39.23425674 45.02983093 383.38000488 44.29999924 1.00000000 128.89999390
133.96000671 39.23488235 45.02941513 383.77999878 44.40000153 0.60000002 129.39999390
134.08000183 39.23550034 45.02899170 383.69000244 43.90000153 0.20000000 129.89999390
134.19000244 39.23601532 45.02864075 383.20999146 43.20000076 -0.20000000 130.30000305
134.30000305 39.23662567 45.02821350 382.19000244 42.50000000 -0.60000002 130.80000305
134.41000366 39.23723221 45.02777863 380.67001343 41.90000153 -1.00000000 131.19999695
134.52999878 39.23773193 45.02742004 379.01000977 39.59999847 -1.39999998 131.60000610
134.66999817 39.23843002 45.02690887 376.08999634 37.59999847 -1.89999998 132.10000610
134.77999878 39.23901749 45.02646637 373.04000854 36.40000153 -2.29999995 132.60000610
134.89999390 39.23960495 45.02602386 369.50000000 35.09999847 -2.70000005 133.00000000
135.00999451 39.24018478 45.02557755 365.45999146 33.79999924 -3.20000005 133.39999390
135.13000488 39.24066544 45.02520370 361.73999023 32.09999847 -3.50000000 133.69999695
135.24000549 39.24124146 45.02475357 356.82000732 31.10000038 -3.90000010 134.10000610
135.35000610 39.24180603 45.02429962 351.44000244 29.79999924 -4.30000019 134.39999390
135.47000122 39.24227905 45.02392197 346.61999512 28.39999962 -4.69999981 134.69999695
135.58000183 39.24283600 45.02346420 340.42999268 27.50000000 -5.00000000 135.00000000
135.71000671 39.24348831 45.02292633 332.70999146 26.20000076 -5.40000010 135.39999390
135.83999634 39.24404144 45.02246857 325.66000366 25.20000076 -5.80000019 135.69999695
135.96000671 39.24459457 45.02200699 318.67999268 23.60000038 -6.00000000 134.30000305
136.07000732 39.24516678 45.02155685 312.91000366 21.00000000 -5.50000000 132.60000610
136.17999268 39.24565887 45.02119064 309.10000610 17.20000076 -4.59999990 131.19999695
136.32000732 39.24636841 45.02069092 305.19000244 9.69999981 -3.29999995 129.19999695
136.44000244 39.24699783 45.02027893 303.19000244 2.00000000 -2.29999995 127.50000000
136.58000183 39.24775314 45.01981354 302.35000610 -9.80000019 -1.10000002 125.50000000
136.69999695 39.24841309 45.01942444 302.14999390 -21.79999924 -0.40000001 126.50000000
136.85000610 39.24916458 45.01895523 300.10000610 -34.20000076 -0.89999998 128.50000000
136.99000549 39.24999237 45.01839828 295.29998779 -42.70000076 -2.40000010 130.80000305
137.10000610 39.25049210 45.01803589 291.17001343 -44.79999924 -3.50000000 132.39999390
137.21000671 39.25107193 45.01759338 285.36999512 -41.59999847 -4.40000010 134.19999695
137.33999634 39.25164032 45.01714325 279.29998779 -34.00000000 -5.00000000 133.10000610
137.46000671 39.25222778 45.01670074 274.42999268 -24.50000000 -4.59999990 131.39999390
137.57000732 39.25272751 45.01634216 271.32998657 -14.00000000 -3.79999995 130.00000000
137.69000244 39.25345230 45.01585388 268.35000610 -2.00000000 -2.70000005 129.80000305
137.80999756 39.25406265 45.01542664 265.29998779 7.80000019 -2.40000010 131.60000610
137.92999268 39.25465393 45.01498795 261.26998901 16.89999962 -3.00000000 133.50000000
138.03999329 39.25512695 45.01461029 257.30999756 23.39999962 -3.59999990 135.10000610
138.16000366 39.25567627 45.01414490 251.96000671 26.89999962 -4.19999981 137.00000000
138.27999878 39.25620651 45.01367188 246.13000488 27.89999962 -4.69999981 138.80000305
138.38999939 39.25671005 45.01318359 240.02999878 30.10000038 -5.00000000 140.50000000
138.50000000 39.25712204 45.01277542 234.82000732 32.59999847 -5.19999981 140.50000000
138.63999939 39.25769806 45.01219940 227.47999573 39.20000076 -5.30000019 140.50000000
138.75999451 39.25819016 45.01170731 221.13999939 45.70000076 -5.40000010 140.39999390
138.88000488 39.25868225 45.01121521 214.75999451 50.29999924 -5.40000010 140.39999390
138.99000549 39.25909424 45.01080322 209.41999817 52.50000000 -5.40000010 140.39999390
139.11000061 39.25958633 45.01031113 203.02000427 53.90000153 -5.40000010 140.30000305
139.22000122 39.26008224 45.00981903 196.63999939 53.70000076 -5.40000010 140.30000305
139.33000183 39.26057816 45.00932693 190.35000610 51.59999847 -5.40000010 140.19999695
139.44999695 39.26099014 45.00891876 185.22000122 45.70000076 -5.30000019 140.19999695
139.55999756 39.26148605 45.00842667 179.25999451 38.59999847 -5.19999981 140.19999695
139.67999268 39.26198578 45.00793457 173.61999512 28.10000038 -4.90000010 140.10000610
139.80000305 39.26248169 45.00744247 168.36000061 18.89999962 -4.59999990 140.10000610
139.91000366 39.26298141 45.00695419 163.57000732 12.00000000 -4.30000019 140.10000610
140.02999878 39.26347733 45.00646210 159.25000000 6.09999990 -3.90000010 140.10000610
140.14999390 39.26389313 45.00605011 156.00999451 1.89999998 -3.50000000 140.10000610
140.25999451 39.26438904 45.00556183 152.47999573 -0.60000002 -3.20000005 140.10000610
140.38000488 39.26488876 45.00506592 149.00999451 -1.79999995 -3.00000000 140.10000610
140.49000549 39.26538467 45.00457764 145.50000000 -1.79999995 -3.00000000 140.10000610
140.61000061 39.26588440 45.00408554 141.96000671 -1.60000002 -3.00000000 140.10000610
140.75000000 39.26638031 45.00359344 138.36999512 -1.20000005 -3.00000000 140.10000610
140.88999939 39.26696396 45.00301743 134.08000183 -0.89999998 -3.09999990 140.00000000
140.99000549 39.26746368 45.00252533 130.27000427 -0.60000002 -3.20000005 139.89999390
141.10000610 39.26787949 45.00212097 126.98000336 -0.60000002 -3.29999995 139.69999695
141.19999695 39.26829910 45.00171280 123.55999756 -0.89999998 -3.40000010 139.50000000
141.30999756 39.26872253 45.00130463 120.01999664 -1.39999998 -3.50000000 139.19999695
141.41000366 39.26914597 45.00090027 116.40000153 -2.00000000 -3.59999990 138.89999390
141.50999451 39.26966095 45.00041962 112.00000000 -3.29999995 -3.70000005 138.50000000
141.63000488 39.27009201 45.00001907 108.37999725 -4.59999990 -3.70000005 138.10000610
141.72999573 39.27061462 44.99953842 104.19999695 -6.30000019 -3.59999990 137.69999695
141.83999634 39.27105331 44.99914169 100.93000031 -8.19999981 -3.50000000 137.50000000
141.96000671 39.27158356 44.99866867 97.36000061 -10.60000038 -3.20000005 137.19999695
142.08000183 39.27211761 44.99819565 94.23999786 -13.00000000 -2.90000010 136.89999390
142.19000244 39.27256393 44.99780273 92.05000305 -14.89999962 -2.50000000 136.80000305
142.30000305 39.27310562 44.99733353 89.91999817 -16.60000038 -2.09999990 136.60000610
142.41000366 39.27364349 44.99686432 88.37000275 -18.10000038 -1.60000002 136.50000000
142.52999878 39.27418518 44.99639511 87.38999939 -18.79999924 -1.10000002 136.50000000
142.66999817 39.27472687 44.99592590 86.91999817 -18.79999924 -0.60000002 136.60000610
142.78999329 39.27526855 44.99545670 86.76999664 -18.10000038 -0.30000001 136.60000610
142.89999390 39.27580643 44.99498749 86.61000061 -16.79999924 -0.10000000 136.69999695
143.00999451 39.27634811 44.99451447 86.41999817 -14.89999962 -0.10000000 136.69999695
143.11999512 39.27679443 44.99412537 86.25000000 -12.89999962 -0.20000000 136.69999695
143.22999573 39.27733612 44.99365234 86.01000214 -10.60000038 -0.20000000 136.80000305
143.35000610 39.27778244 44.99325943 85.79000092 -7.90000010 -0.20000000 137.00000000
143.47000122 39.27840424 44.99270630 85.41000366 -5.00000000 -0.30000001 137.19999695
143.58999634 39.27885056 44.99231339 85.05999756 -2.59999990 -0.30000001 137.39999390
143.69999695 39.27938080 44.99183655 84.51000214 -0.30000001 -0.40000001 137.60000610
143.82000732 39.27990723 44.99135971 83.73999786 1.89999998 -0.50000000 137.89999390
143.92999268 39.28042984 44.99088287 82.66999817 3.90000010 -0.80000001 138.19999695
144.05000305 39.28086090 44.99048233 81.51000214 5.90000010 -1.00000000 138.50000000
144.16000366 39.28137970 44.98999786 79.73999786 7.80000019 -1.29999995 138.89999390
144.27999878 39.28189087 44.98951340 77.55999756 9.69999981 -1.60000002 139.19999695
144.38999939 39.28231049 44.98910522 75.44000244 11.39999962 -1.89999998 139.60000610
144.50000000 39.28281403 44.98861694 72.63999939 13.19999981 -2.20000005 140.00000000
144.64999390 39.28347778 44.98796082 68.76000214 15.60000038 -2.40000010 140.60000610
144.77000427 39.28388596 44.98754883 66.44999695 17.20000076 -2.40000010 140.80000305
144.88000488 39.28437424 44.98705292 63.93999863 18.79999924 -2.29999995 141.10000610
144.99000549 39.28485870 44.98655319 61.75000000 20.00000000 -2.00000000 141.19999695
145.11000061 39.28526306 44.98613739 60.18999863 20.70000076 -1.79999995 141.30000305
145.22000122 39.28574371 44.98563766 58.65999985 21.10000038 -1.50000000 141.50000000
145.33000183 39.28622437 44.98513794 57.54000092 21.39999962 -1.20000005 141.60000610
145.44999695 39.28662491 44.98471832 56.95000076 20.79999924 -0.80000001 141.69999695
145.55999756 39.28710175 44.98421860 56.68999863 20.20000076 -0.40000001 141.89999390
145.66999817 39.28757858 44.98371506 56.93999863 19.20000076 -0.10000000 142.00000000
145.78999329 39.28797531 44.98329544 57.54000092 17.60000038 0.30000001 142.00000000
145.89999390 39.28844833 44.98279190 58.31000137 15.80000019 0.60000002 142.00000000
146.00999451 39.28892517 44.98228836 59.08000183 14.30000019 0.69999999 142.00000000
146.13000488 39.28931808 44.98186874 59.84999847 12.50000000 0.69999999 142.00000000
146.24000549 39.28979492 44.98136520 61.11999893 10.80000019 0.89999998 142.10000610
146.35000610 39.29026794 44.98086166 62.95000076 9.30000019 1.29999995 142.10000610
146.46000671 39.29066086 44.98044205 65.05000305 7.90000010 1.70000005 142.10000610
146.58000183 39.29113388 44.97993851 68.30999756 6.40000010 2.40000010 142.10000610
146.72000122 39.29168320 44.97935104 73.26000214 5.00000000 3.20000005 142.00000000
146.83999634 39.29215622 44.97885132 78.54000092 3.90000010 4.00000000 141.89999390
146.94999695 39.29263306 44.97834778 84.73999786 2.90000010 4.80000019 141.80000305
147.07000732 39.29310608 44.97785187 91.79000092 2.00000000 5.59999990 141.69999695
147.19000244 39.29358292 44.97735214 99.30999756 1.00000000 6.19999981 141.69999695
147.30999756 39.29397964 44.97693634 105.55999756 0.10000000 6.40000010 141.69999695
147.42999268 39.29445267 44.97643661 113.01999664 -0.60000002 6.40000010 141.69999695
147.55000305 39.29500961 44.97585297 121.69000244 -1.39999998 6.30000019 141.60000610
147.67999268 39.29548645 44.97535706 129.05000305 -2.20000005 6.30000019 141.60000610
147.80999756 39.29596329 44.97485733 136.28999329 -2.59999990 6.19999981 141.50000000
147.94000244 39.29652405 44.97427750 144.46000671 -3.00000000 6.09999990 141.39999390
148.05999756 39.29700470 44.97377777 151.11000061 -3.09999990 5.80000019 141.30000305
148.19000244 39.29748535 44.97328186 157.30000305 -3.29999995 5.50000000 141.10000610
148.30999756 39.29797363 44.97278595 162.89999390 -3.50000000 5.00000000 140.80000305
148.42999268 39.29854584 44.97220612 168.52000427 -4.19999981 4.40000010 140.60000610
148.55999756 39.29903793 44.97171402 172.44999695 -4.80000019 3.70000005 140.30000305
148.71000671 39.29969788 44.97105789 176.22999573 -5.69999981 2.79999995 140.00000000
148.83000183 39.30020142 44.97056580 177.91000366 -6.80000019 2.00000000 139.80000305
148.96000671 39.30070496 44.97007370 178.57000732 -8.10000038 1.00000000 139.60000610
149.08000183 39.30120850 44.96958542 178.21000671 -9.50000000 0.10000000 139.39999390
149.21000671 39.30171585 44.96909714 176.86000061 -10.80000019 -0.69999999 139.19999695
149.33999634 39.30231476 44.96853256 174.07000732 -12.19999981 -1.60000002 138.89999390
149.44999695 39.30274200 44.96812820 171.32000732 -13.19999981 -2.29999995 138.60000610
149.55999756 39.30326080 44.96764755 167.27999878 -14.00000000 -3.00000000 138.10000610
149.67999268 39.30378342 44.96717072 162.55000305 -14.69999981 -3.70000005 137.60000610
149.78999329 39.30422211 44.96677399 158.19999695 -15.30000019 -4.09999990 137.10000610
149.91000366 39.30475998 44.96630096 152.71000671 -16.29999924 -4.50000000 136.50000000
150.02000427 39.30530167 44.96583557 147.21000671 -17.50000000 -4.69999981 136.00000000
150.13999939 39.30584717 44.96537399 141.94000244 -19.00000000 -4.59999990 135.60000610
150.25999451 39.30639648 44.96491241 137.08000183 -20.50000000 -4.30000019 135.39999390
150.36999512 39.30693817 44.96446228 132.66999817 -21.89999962 -4.00000000 135.30000305
150.49000549 39.30747986 44.96401215 128.72999573 -22.89999962 -3.70000005 135.19999695
150.61000061 39.30801392 44.96357346 125.23000336 -23.70000076 -3.29999995 135.19999695
150.75999451 39.30862808 44.96306229 121.73000336 -23.60000038 -2.90000010 135.19999695
150.88000488 39.30915070 44.96262741 119.29000092 -22.70000076 -2.40000010 135.19999695
151.00999451 39.30975342 44.96212769 117.16000366 -21.00000000 -1.89999998 135.30000305
151.13999939 39.31026077 44.96170425 116.01999664 -18.10000038 -1.39999998 135.30000305
151.25999451 39.31076431 44.96128464 115.59999847 -15.19999981 -0.69999999 135.39999390
151.38000488 39.31126022 44.96086884 115.95999908 -11.69999981 -0.10000000 135.50000000
151.50999451 39.31182861 44.96039200 117.44000244 -8.30000019 0.80000001 135.69999695
151.63999939 39.31230927 44.95998764 119.66000366 -4.80000019 1.70000005 135.89999390
151.77000427 39.31285858 44.95951843 123.40000153 -1.70000005 2.70000005 136.19999695
151.89999390 39.31331635 44.95912170 127.58999634 0.89999998 3.70000005 136.50000000
152.02999878 39.31384277 44.95866394 133.61000061 3.59999990 4.80000019 136.89999390
152.17999268 39.31435013 44.95821381 140.77999878 5.90000010 5.90000010 137.50000000
152.30999756 39.31477356 44.95782852 147.77999878 8.00000000 6.90000010 138.00000000
152.42999268 39.31525421 44.95738602 156.86999512 10.30000019 7.90000010 138.69999695
152.55999756 39.31565094 44.95700836 165.38999939 12.69999981 8.69999981 139.39999390
152.72000122 39.31616211 44.95650864 177.67999268 15.89999962 9.80000019 140.30000305
152.86999512 39.31665039 44.95601273 190.91999817 19.39999962 10.69999981 141.30000305
153.00000000 39.31700516 44.95564270 201.38999939 22.00000000 11.50000000 142.00000000
153.13000488 39.31734467 44.95527649 212.27000427 24.60000038 12.19999981 142.80000305
153.25999451 39.31772995 44.95484924 225.42999268 27.10000038 12.89999962 143.60000610
153.44000244 39.31820297 44.95430374 243.00999451 30.10000038 13.69999981 144.60000610
153.58000183 39.31855774 44.95388412 257.17001343 31.60000038 14.30000019 145.39999390
153.71000671 39.31885147 44.95352554 269.63000488 32.40000153 14.80000019 145.89999390
153.83000183 39.31913376 44.95317078 282.42001343 32.70000076 15.39999962 146.39999390
153.94999695 39.31945801 44.95275879 297.76998901 32.70000076 16.00000000 147.00000000
154.08999634 39.31972504 44.95241165 311.30999756 31.60000038 16.70000076 147.39999390
154.21000671 39.32002640 44.95201111 327.57000732 30.79999924 17.50000000 148.10000610
