244.60000610 39.02630234 44.79138947 578.46997070 0.00000000 0.00000000 233.50000000
244.69000244 39.02600098 44.79125214 576.67999268 0.00000000 0.00000000 233.50000000
244.88999939 39.02536011 44.79096222 572.64001465 0.00000000 -3.79999995 233.50000000
245.02000427 39.02477646 44.79069901 568.75000000 0.00000000 -4.00000000 233.50000000
245.14999390 39.02411652 44.79040146 563.97998047 0.00000000 -4.30000019 233.39999390
245.28999329 39.02349091 44.79012299 559.01000977 0.00000000 -4.69999981 233.30000305
245.41000366 39.02281189 44.78981400 554.01000977 0.00000000 -4.69999981 233.10000610
245.53999329 39.02195358 44.78942108 548.30999756 0.00000000 -4.19999981 233.00000000
245.67999268 39.02101898 44.78899384 542.83001709 0.00000000 -3.79999995 232.89999390
245.80999756 39.02015686 44.78860092 538.02001953 0.00000000 -3.50000000 232.89999390
245.92999268 39.01909637 44.78811264 532.16998291 0.00000000 -3.40000010 232.89999390
246.05000305 39.01833344 44.78776169 527.98999023 0.00000000 -3.29999995 232.89999390
246.16999817 39.01726532 44.78727341 522.20001221 0.00000000 -3.29999995 232.89999390
246.28999329 39.01650238 44.78692245 518.08001709 0.00000000 -3.29999995 232.89999390
246.41000366 39.01558685 44.78650284 513.19000244 0.00000000 -3.29999995 232.89999390
246.52999878 39.01466751 44.78608322 508.35998535 0.00000000 -3.20000005 233.00000000
246.66999817 39.01344299 44.78552628 502.11999512 -2.29999995 -3.09999990 233.10000610
246.78999329 39.01252747 44.78511047 497.66000366 -1.60000002 -3.00000000 233.19999695
246.92999268 39.01160812 44.78469086 493.44000244 -0.80000001 -2.90000010 233.39999390
247.05999756 39.01052856 44.78421021 488.91000366 0.40000001 -2.70000005 233.69999695
247.19999695 39.00944901 44.78373337 484.86999512 1.79999995 -2.40000010 234.10000610
247.33999634 39.00836182 44.78326416 481.39001465 3.59999990 -2.09999990 234.60000610
247.49000549 39.00727081 44.78279877 478.48001099 6.00000000 -1.79999995 235.19999695
247.63999939 39.00601196 44.78227997 475.85000610 9.10000038 -1.39999998 236.00000000
247.77999878 39.00490570 44.78183365 474.14999390 12.39999962 -1.10000002 236.60000610
247.91999817 39.00378799 44.78139877 472.92999268 15.89999962 -0.80000001 237.30000305
248.05999756 39.00266647 44.78097153 472.13000488 19.79999924 -0.60000002 238.00000000
248.22000122 39.00137329 44.78049469 471.67999268 24.20000076 -0.30000001 238.69999695
248.36000061 39.00023651 44.78009033 471.63000488 27.79999924 -0.10000000 239.30000305
248.50000000 38.99909210 44.77968979 471.88000488 30.89999962 0.10000000 239.89999390
248.66000366 38.99777985 44.77924347 472.52999878 33.40000153 0.30000001 240.39999390
248.80000305 38.99662781 44.77885818 473.45001221 34.50000000 0.40000001 240.60000610
248.92999268 38.99563980 44.77852631 474.32000732 34.40000153 0.60000002 240.60000610
249.05999756 38.99448395 44.77814484 475.36999512 33.20000076 0.60000002 240.60000610
249.19000244 38.99349594 44.77781677 476.30999756 30.89999962 0.60000002 240.69999695
249.32000732 38.99234009 44.77743149 477.52999878 28.00000000 0.69999999 240.69999695
249.44999695 38.99135208 44.77710342 478.72000122 24.60000038 0.69999999 240.80000305
249.58000183 38.99019623 44.77672195 480.35000610 20.70000076 0.89999998 240.80000305
249.71000671 38.98905945 44.77634811 482.26000977 16.89999962 1.00000000 240.89999390
249.91000366 38.98764801 44.77588654 485.16000366 11.39999962 1.29999995 241.00000000
250.05000305 38.98644638 44.77549362 488.26998901 8.50000000 1.60000002 241.19999695
250.25000000 38.98500824 44.77502823 493.08999634 5.80000019 2.09999990 241.39999390
250.38999939 38.98403931 44.77471924 497.32998657 4.90000010 2.59999990 241.69999695
