300.92001343 39.07910538 44.77493668 264.54000854 0.00000000 0.00000000 0.80000001
300.98001099 39.07912445 44.77502060 264.30999756 0.00000000 0.00000000 0.80000001
301.10998535 39.07917023 44.77522278 263.88000488 0.00000000 0.00000000 0.60000002
301.22000122 39.07919693 44.77536392 263.64999390 0.00000000 -1.00000000 358.39999390
301.35000610 39.07923126 44.77553558 263.51000977 0.00000000 -0.60000002 353.10000610
301.47000122 39.07923889 44.77573395 263.14999390 0.00000000 -0.69999999 345.00000000
301.60000610 39.07919312 44.77590179 262.00000000 0.00000000 -2.09999990 337.79998779
301.73999023 39.07909393 44.77609634 259.77999878 0.00000000 -4.69999981 329.60000610
301.88000488 39.07893372 44.77631378 256.23999023 0.00000000 -6.69999981 323.29998779
302.01000977 39.07870865 44.77656555 252.96000671 0.00000000 -6.40000010 322.10000610
302.17001343 39.07839966 44.77690125 249.41999817 0.00000000 -4.90000010 322.29998779
302.27999878 39.07818222 44.77714157 247.25999451 0.00000000 -4.19999981 322.60000610
302.41000366 39.07788849 44.77745819 245.22999573 0.00000000 -3.29999995 322.29998779
302.55999756 39.07745361 44.77792740 243.63999939 0.00000000 -1.89999998 322.60000610
302.72000122 39.07696915 44.77845383 243.55000305 0.00000000 -0.60000002 322.79998779
302.82998657 39.07657623 44.77888489 244.69000244 0.00000000 0.50000000 323.10000610
302.95001221 39.07615662 44.77935410 246.91999817 -90.00000000 1.50000000 323.70001221
303.07000732 39.07579041 44.77976608 249.32000732 -90.00000000 2.20000005 324.39999390
303.20001221 39.07526398 44.78039169 253.52999878 -90.00000000 2.79999995 325.60000610
303.30999756 39.07487488 44.78086853 257.20001221 -60.70000076 3.09999990 326.70001221
303.42001343 39.07440948 44.78147888 262.48001099 -27.70000076 3.59999990 328.20001221
303.60998535 39.07370758 44.78247452 272.38000488 9.89999962 4.40000010 330.79998779
303.73999023 39.07316971 44.78330994 281.75000000 27.20000076 4.90000010 332.70001221
303.85998535 39.07271957 44.78407669 290.95999146 39.20000076 5.40000010 334.29998779
303.98999023 39.07228470 44.78488541 301.23999023 49.20000076 5.90000010 335.79998779
304.10000610 39.07186127 44.78573608 312.48001099 57.50000000 6.19999981 337.20001221
304.20999146 39.07152176 44.78646851 322.51000977 64.69999695 6.50000000 338.29998779
304.30999756 39.07114029 44.78736115 335.11999512 71.30000305 6.69999981 339.70001221
304.41000366 39.07084274 44.78810501 346.25000000 75.90000153 7.00000000 340.70001221
304.54998779 39.07046509 44.78915405 362.69000244 79.40000153 7.59999990 342.20001221
304.67001343 39.07021332 44.78990936 374.45999146 80.69999695 7.80000019 343.20001221
304.79998779 39.06989670 44.79096985 390.10000610 81.69999695 7.50000000 344.79998779
304.91000366 39.06965637 44.79188538 402.63000488 81.69999695 7.19999981 346.10000610
305.04000854 39.06944656 44.79280853 414.33999634 80.69999695 6.69999981 347.39999390
305.14999390 39.06929779 44.79357910 423.48001099 79.30000305 6.30000019 348.50000000
305.26998901 39.06914139 44.79450226 433.69000244 78.09999847 5.90000010 349.79998779
305.39999390 39.06900024 44.79558945 444.54998779 77.59999847 5.30000019 351.29998779
305.51998901 39.06890869 44.79652405 452.94000244 77.50000000 4.90000010 352.70001221
305.64999390 39.06884384 44.79761505 461.67999268 78.30000305 4.30000019 354.20001221
305.76998901 39.06882095 44.79854965 468.23999023 78.40000153 3.90000010 355.50000000
305.89999390 39.06882477 44.79948807 473.95001221 79.19999695 3.40000010 356.79998779
306.04000854 39.06887054 44.80058289 479.52999878 80.40000153 2.79999995 358.29998779
306.17001343 39.06895828 44.80167389 483.95001221 81.50000000 2.29999995 359.79998779
306.29998779 39.06906128 44.80260849 486.83999634 81.09999847 1.79999995 1.00000000
306.44000244 39.06921005 44.80369949 489.50000000 81.50000000 1.39999998 1.29999995
306.57998657 39.06936264 44.80479050 492.10000610 80.19999695 1.20000005 1.29999995
306.73001099 39.06953430 44.80603790 495.07998657 77.50000000 1.20000005 1.29999995
306.82998657 39.06964111 44.80681610 496.92999268 73.40000153 1.20000005 1.29999995
306.92999268 39.06974792 44.80759430 498.79000854 68.69999695 1.20000005 1.29999995
307.02999878 39.06985474 44.80837250 500.64999390 63.70000076 1.20000005 1.29999995
307.14001465 39.06996155 44.80915070 502.51000977 56.79999924 1.20000005 1.29999995
307.29000854 39.07013321 44.81039810 505.48001099 46.09999847 1.20000005 1.29999995
307.39999390 39.07024002 44.81117630 507.33999634 36.70000076 1.20000005 1.29999995
307.50000000 39.07034683 44.81195450 509.20001221 29.29999924 1.20000005 1.29999995
307.60998535 39.07045364 44.81273270 511.05999756 21.89999962 1.20000005 1.29999995
307.72000122 39.07058334 44.81366730 513.28997803 15.39999962 1.20000005 1.29999995
307.82000732 39.07069016 44.81444550 515.15002441 10.89999962 1.20000005 1.29999995
307.92999268 39.07081985 44.81538010 517.38000488 6.90000010 1.20000005 1.29999995
308.04000854 39.07092667 44.81615829 519.22998047 3.70000005 1.20000005 1.29999995
308.17999268 39.07107544 44.81724930 521.84002686 1.00000000 1.20000005 1.29999995
308.35000610 39.07126999 44.81865311 525.17999268 0.10000000 1.20000005 1.29999995
308.50000000 39.07141876 44.81974030 527.78997803 0.00000000 1.20000005 1.29999995
308.67999268 39.07161331 44.82114410 531.13000488 0.00000000 1.20000005 1.29999995
308.82000732 39.07176208 44.82223129 533.71997070 0.00000000 1.20000005 1.29999995
308.92001343 39.07186890 44.82299805 535.54998779 0.00000000 1.20000005 1.29999995
309.10998535 39.07207870 44.82451630 539.17999268 0.00000000 1.20000005 1.29999995
309.22000122 39.07218170 44.82526398 540.96997070 0.00000000 1.20000005 1.29999995
309.41000366 39.07236481 44.82659912 544.15002441 0.00000000 1.20000005 1.29999995
309.51000977 39.07246399 44.82733536 545.90997314 0.00000000 1.20000005 1.29999995
309.64001465 39.07260513 44.82835388 548.34002686 0.00000000 1.20000005 1.29999995
309.76000977 39.07272339 44.82921600 550.40002441 -0.10000000 1.20000005 1.29999995
309.88000488 39.07284164 44.83007431 552.44000244 -0.10000000 1.20000005 1.29999995
310.00000000 39.07295990 44.83092117 554.46997070 -0.10000000 1.20000005 1.29999995
310.11999512 39.07307434 44.83176041 556.47998047 -0.10000000 1.20000005 1.29999995
310.23999023 39.07319260 44.83259583 558.46997070 -0.10000000 1.20000005 1.29999995
310.35998535 39.07330322 44.83341980 560.45001221 -0.10000000 1.20000005 1.29999995
310.48001099 39.07341385 44.83423996 562.40997314 -0.10000000 1.20000005 1.29999995
310.60000610 39.07352448 44.83504868 564.34997559 -0.10000000 1.20000005 1.29999995
310.72000122 39.07363510 44.83585358 566.27001953 -0.10000000 1.20000005 1.29999995
310.85000610 39.07374573 44.83665085 568.17999268 -0.10000000 1.20000005 1.29999995
310.97000122 39.07387161 44.83757019 570.38000488 -0.10000000 1.20000005 1.29999995
311.10000610 39.07398224 44.83835220 572.26000977 -0.10000000 1.20000005 1.29999995
311.20999146 39.07408905 44.83912659 574.10998535 -0.10000000 1.20000005 1.29999995
311.32998657 39.07419586 44.83989334 575.95001221 0.00000000 1.20000005 1.29999995
311.45999146 39.07429886 44.84065628 577.77001953 0.10000000 1.20000005 1.29999995
311.57998657 39.07440186 44.84141159 579.58001709 0.10000000 1.20000005 1.29999995
311.70999146 39.07450485 44.84215927 581.36999512 0.10000000 1.20000005 1.29999995
311.82998657 39.07460403 44.84289932 583.15002441 0.00000000 1.20000005 1.29999995
311.95001221 39.07470703 44.84363556 584.90997314 0.00000000 1.20000005 1.29999995
312.05999756 39.07480621 44.84436417 586.65002441 0.00000000 1.20000005 1.29999995
312.17999268 39.07490540 44.84508896 588.39001465 0.00000000 1.20000005 1.29999995
312.29998779 39.07500458 44.84580612 590.09997559 -0.20000000 1.20000005 1.29999995
312.42001343 39.07510376 44.84651566 591.80999756 -0.20000000 1.20000005 1.29999995
312.54998779 39.07520294 44.84722137 593.48999023 -0.10000000 1.20000005 1.29999995
312.66000366 39.07529831 44.84791946 595.16998291 0.00000000 1.20000005 1.29999995
312.77999878 39.07539368 44.84861374 596.83001709 0.10000000 1.20000005 1.29999995
312.91000366 39.07548904 44.84930038 598.47998047 0.20000000 1.20000005 1.29999995
313.01998901 39.07558060 44.84998322 600.10998535 0.10000000 1.20000005 1.29999995
313.14001465 39.07567215 44.85066223 601.72998047 0.10000000 1.20000005 1.29999995
313.25000000 39.07576370 44.85133362 603.34002686 0.10000000 1.20000005 1.29999995
313.36999512 39.07584000 44.85188675 604.66998291 0.10000000 1.20000005 1.29999995
313.48001099 39.07593155 44.85255051 606.25000000 -0.10000000 1.20000005 1.29999995
313.60000610 39.07601929 44.85320663 607.82000732 -0.20000000 1.20000005 1.29999995
313.72000122 39.07611084 44.85385513 609.38000488 -0.30000001 1.20000005 1.29999995
313.83999634 39.07619858 44.85450363 610.92999268 -0.40000001 1.20000005 1.29999995
313.95999146 39.07629013 44.85514069 612.46002197 -0.20000000 1.20000005 1.29999995
314.07998657 39.07637787 44.85577774 613.98999023 -0.10000000 1.20000005 1.29999995
314.19000244 39.07646561 44.85640717 615.50000000 0.00000000 1.20000005 1.29999995
314.32000732 39.07654953 44.85703659 617.00000000 0.10000000 1.20000005 1.29999995
314.42999268 39.07663727 44.85765457 618.47998047 0.30000001 1.20000005 1.29999995
314.54000854 39.07670593 44.85816956 619.71002197 0.40000001 1.20000005 1.29999995
314.66000366 39.07678986 44.85877991 621.17999268 0.40000001 1.20000005 1.29999995
314.76998901 39.07685852 44.85929108 622.39001465 0.30000001 1.20000005 1.29999995
314.88000488 39.07694244 44.85989380 623.84002686 0.20000000 1.20000005 1.29999995
314.98999023 39.07702255 44.86049271 625.28002930 0.00000000 1.20000005 1.29999995
315.10000610 39.07709122 44.86098862 626.46002197 -0.10000000 1.20000005 1.29999995
315.20999146 39.07717133 44.86157990 627.88000488 -0.20000000 1.20000005 1.29999995
315.32000732 39.07723999 44.86206818 629.04998779 -0.30000001 1.20000005 1.29999995
315.42999268 39.07732010 44.86265182 630.45001221 -0.50000000 1.20000005 1.29999995
315.54000854 39.07738495 44.86313629 631.60998535 -0.50000000 1.20000005 1.29999995
315.66000366 39.07746506 44.86371231 632.97998047 -0.40000001 1.20000005 1.29999995
315.76998901 39.07754517 44.86428452 634.34997559 -0.20000000 1.20000005 1.29999995
315.88000488 39.07761002 44.86475754 635.47998047 0.00000000 1.20000005 1.29999995
315.98999023 39.07769012 44.86531830 636.84002686 0.10000000 1.20000005 1.29999995
316.10000610 39.07775497 44.86578751 637.95001221 0.20000000 1.20000005 1.29999995
316.20999146 39.07783127 44.86634445 639.28997803 0.30000001 1.20000005 1.29999995
316.32000732 39.07789612 44.86680603 640.39001465 0.50000000 1.20000005 1.29999995
316.44000244 39.07797241 44.86735153 641.71002197 0.60000002 1.20000005 1.29999995
316.54998779 39.07803345 44.86780930 642.79998779 0.60000002 1.20000005 1.29999995
316.67999268 39.07812119 44.86844254 644.30999756 0.50000000 1.20000005 1.29999995
316.79000854 39.07819366 44.86898041 645.59997559 0.30000001 1.20000005 1.29999995
316.92999268 39.07827759 44.86960220 647.09002686 0.00000000 1.20000005 1.29999995
317.04000854 39.07833862 44.87004471 648.15002441 -0.10000000 1.20000005 1.29999995
317.14999390 39.07841110 44.87057114 649.40997314 -0.30000001 1.20000005 1.29999995
317.26000977 39.07846832 44.87100983 650.46002197 -0.40000001 1.20000005 1.29999995
317.44000244 39.07857513 44.87178802 652.32000732 -0.69999999 1.20000005 1.29999995
317.55999756 39.07864761 44.87230301 653.55999756 -0.69999999 1.20000005 1.29999995
317.67001343 39.07872009 44.87281418 654.78002930 -0.60000002 1.20000005 1.29999995
317.77999878 39.07877731 44.87323761 655.79998779 -0.50000000 1.20000005 1.29999995
317.89001465 39.07884598 44.87374496 657.01000977 -0.20000000 1.20000005 1.29999995
318.00000000 39.07890320 44.87416458 658.01000977 -0.10000000 1.20000005 1.29999995
318.10998535 39.07896042 44.87458038 659.01000977 -0.10000000 1.20000005 1.29999995
318.20999146 39.07902908 44.87507248 660.19000244 0.20000000 1.20000005 1.29999995
318.33999634 39.07909775 44.87556458 661.36999512 0.30000001 1.20000005 1.29999995
318.44000244 39.07915497 44.87597275 662.34002686 0.50000000 1.20000005 1.29999995
318.54998779 39.07921219 44.87637711 663.30999756 0.60000002 1.20000005 1.29999995
318.66000366 39.07927704 44.87685776 664.46002197 0.60000002 1.20000005 1.29999995
318.76998901 39.07934570 44.87733459 665.60998535 0.69999999 1.20000005 1.29999995
318.88000488 39.07939911 44.87773132 666.54998779 0.60000002 1.20000005 1.29999995
318.98999023 39.07946396 44.87820053 667.67999268 0.50000000 1.20000005 1.29999995
319.10000610 39.07951736 44.87859344 668.60998535 0.40000001 1.20000005 1.29999995
319.20999146 39.07957840 44.87905884 669.72998047 0.10000000 1.20000005 1.29999995
319.32000732 39.07963181 44.87944031 670.65002441 0.00000000 1.20000005 1.29999995
319.42999268 39.07969666 44.87990189 671.75000000 -0.20000000 1.20000005 1.29999995
319.54000854 39.07974625 44.88027954 672.65002441 -0.30000001 1.20000005 1.29999995
319.66000366 39.07980728 44.88073349 673.73999023 -0.50000000 1.20000005 1.29999995
319.76998901 39.07987213 44.88118362 674.80999756 -0.69999999 1.20000005 1.29999995
319.89999390 39.07992935 44.88162994 675.88000488 -0.80000001 1.20000005 1.29999995
320.02999878 39.07999039 44.88207245 676.94000244 -0.69999999 1.20000005 1.29999995
320.14001465 39.08005142 44.88251114 677.98999023 -0.60000002 1.20000005 1.29999995
320.25000000 39.08011246 44.88294601 679.03002930 -0.40000001 1.20000005 1.29999995
320.36999512 39.08017349 44.88338089 680.07000732 -0.30000001 1.20000005 1.29999995
320.48999023 39.08022308 44.88373947 680.92999268 -0.10000000 1.20000005 1.29999995
320.60000610 39.08028030 44.88416672 681.95001221 0.20000000 1.20000005 1.29999995
320.72000122 39.08033752 44.88459015 682.96002197 0.30000001 1.20000005 1.29999995
320.82998657 39.08039856 44.88501358 683.96997070 0.50000000 1.20000005 1.29999995
320.95001221 39.08044815 44.88536453 684.80999756 0.60000002 1.20000005 1.29999995
321.05999756 39.08050537 44.88578033 685.79998779 0.60000002 1.20000005 1.29999995
321.17999268 39.08056259 44.88619232 686.78997803 0.60000002 1.20000005 1.29999995
321.29998779 39.08061981 44.88660431 687.76000977 0.69999999 1.20000005 1.29999995
321.42001343 39.08067703 44.88701248 688.71002197 0.60000002 1.20000005 1.29999995
321.54998779 39.08073425 44.88742065 689.65002441 0.60000002 1.20000005 1.29999995
321.67001343 39.08079147 44.88782501 690.55999756 0.60000002 1.20000005 1.29999995
321.77999878 39.08084869 44.88822556 691.45001221 0.69999999 1.10000002 1.29999995
321.89001465 39.08090210 44.88862610 692.30999756 0.50000000 1.10000002 1.29999995
322.01000977 39.08094788 44.88895416 693.02001953 0.20000000 1.10000002 1.29999995
322.11999512 39.08100128 44.88935089 693.84002686 0.10000000 1.10000002 1.29999995
322.23999023 39.08105469 44.88974380 694.64001465 -0.20000000 1.10000002 1.29999995
322.35000610 39.08110428 44.89013290 695.40997314 -0.50000000 1.00000000 1.29999995
322.47000122 39.08115768 44.89052200 696.15997314 -0.69999999 1.00000000 1.29999995
322.58999634 39.08120346 44.89084244 696.77001953 -0.89999998 1.00000000 1.29999995
322.70999146 39.08126450 44.89129257 697.58001709 -1.20000005 0.89999998 1.29999995
322.83999634 39.08131409 44.89167404 698.26000977 -1.29999995 0.89999998 1.29999995
322.95999146 39.08136749 44.89205551 698.90002441 -1.20000005 0.89999998 1.29999995
323.07998657 39.08141708 44.89242935 699.53002930 -0.89999998 0.89999998 1.29999995
323.20001221 39.08147049 44.89280701 700.13000488 -0.80000001 0.80000001 1.29999995
323.29998779 39.08151245 44.89311981 700.60998535 -0.50000000 0.80000001 1.29999995
323.42999268 39.08156967 44.89355469 701.25000000 -0.30000001 0.80000001 1.29999995
323.54000854 39.08161545 44.89385986 701.69000244 -0.10000000 0.69999999 1.29999995
323.66000366 39.08166504 44.89422989 702.19000244 0.10000000 0.69999999 1.29999995
323.77999878 39.08171463 44.89459610 702.66998291 0.30000001 0.69999999 1.29999995
323.89999390 39.08176422 44.89496231 703.13000488 0.50000000 0.69999999 1.29999995
324.01000977 39.08180618 44.89526367 703.48999023 0.50000000 0.60000002 1.29999995
324.11999512 39.08185577 44.89562607 703.90002441 0.50000000 0.60000002 1.29999995
324.23999023 39.08190536 44.89598846 704.28002930 0.50000000 0.60000002 1.29999995
324.35000610 39.08195496 44.89634705 704.59997559 0.40000001 0.50000000 1.29999995
324.47000122 39.08199692 44.89664459 704.80999756 0.40000001 0.40000001 1.29999995
324.57998657 39.08204651 44.89699936 705.00000000 0.40000001 0.30000001 1.29999995
324.69000244 39.08209610 44.89735413 705.09997559 0.40000001 0.20000000 1.29999995
324.80999756 39.08213806 44.89764786 705.13000488 0.40000001 0.10000000 1.29999995
324.92001343 39.08218384 44.89799881 705.09997559 0.40000001 0.00000000 1.29999995
325.02999878 39.08223343 44.89834976 705.00000000 0.30000001 -0.10000000 1.29999995
325.16000366 39.08228302 44.89869690 704.83001709 0.30000001 -0.20000000 1.29999995
325.26998901 39.08232117 44.89898682 704.63000488 0.50000000 -0.30000001 1.29999995
325.38000488 39.08237076 44.89933395 704.33001709 0.40000001 -0.40000001 1.29999995
325.48999023 39.08242035 44.89968109 703.96002197 0.40000001 -0.50000000 1.29999995
325.60998535 39.08245850 44.89996338 703.59997559 0.50000000 -0.60000002 1.29999995
325.73001099 39.08250809 44.90030670 703.10998535 0.50000000 -0.69999999 1.29999995
325.83999634 39.08255386 44.90065002 702.54998779 0.40000001 -0.80000001 1.29999995
325.95001221 39.08260345 44.90098572 701.91998291 0.40000001 -0.89999998 1.29999995
326.05999756 39.08264160 44.90126801 701.34997559 0.30000001 -1.00000000 1.29999995
326.17999268 39.08268738 44.90160751 700.60998535 0.40000001 -1.10000002 1.29999995
326.29998779 39.08273697 44.90194321 699.79998779 0.30000001 -1.20000005 1.29999995
326.42001343 39.08278275 44.90227509 698.92999268 0.30000001 -1.29999995 1.29999995
326.54000854 39.08282852 44.90261078 698.00000000 0.30000001 -1.39999998 1.29999995
326.66000366 39.08287811 44.90294266 697.00000000 0.30000001 -1.50000000 1.29999995
326.79000854 39.08292389 44.90327454 695.95001221 0.30000001 -1.60000002 1.29999995
326.91000366 39.08297729 44.90365982 694.64001465 0.40000001 -1.70000005 1.29999995
327.01000977 39.08301544 44.90393448 693.65997314 0.40000001 -1.79999995 1.29999995
327.14001465 39.08306122 44.90426254 692.41998291 0.30000001 -1.89999998 1.29999995
327.26000977 39.08310699 44.90458679 691.13000488 0.40000001 -2.00000000 1.29999995
327.38000488 39.08315277 44.90491486 689.78002930 0.10000000 -2.09999990 1.29999995
327.50000000 39.08319473 44.90523911 688.36999512 -0.20000000 -2.20000005 1.29999995
327.61999512 39.08324051 44.90555954 686.90997314 -0.50000000 -2.29999995 1.29999995
327.73999023 39.08328247 44.90588379 685.39001465 -0.69999999 -2.40000010 1.29999995
327.85998535 39.08332443 44.90620422 683.82000732 -1.10000002 -2.50000000 1.29999995
327.98001099 39.08337021 44.90652466 682.19000244 -1.39999998 -2.50000000 1.29999995
328.10998535 39.08341217 44.90684509 680.51000977 -1.60000002 -2.70000005 1.29999995
328.23001099 39.08345413 44.90716171 678.77001953 -2.00000000 -2.70000005 1.29999995
328.32998657 39.08349609 44.90747833 676.96997070 -1.89999998 -2.79999995 1.29999995
328.45001221 39.08354187 44.90779495 675.13000488 -1.60000002 -2.90000010 1.29999995
328.57000732 39.08358383 44.90811157 673.22998047 -1.20000005 -3.00000000 1.29999995
328.69000244 39.08362579 44.90842438 671.27001953 -1.10000002 -3.09999990 1.29999995
328.80999756 39.08366776 44.90873718 669.27001953 -0.69999999 -3.20000005 1.29999995
328.92999268 39.08370972 44.90904999 667.21002197 -0.40000001 -3.29999995 1.29999995
329.04998779 39.08374786 44.90930939 665.45001221 -0.30000001 -3.40000010 1.29999995
329.16000366 39.08378601 44.90962219 663.29998779 0.00000000 -3.50000000 1.29999995
329.27999878 39.08383179 44.90993118 661.09002686 0.30000001 -3.59999990 1.29999995
329.39001465 39.08386993 44.91024017 658.84002686 0.30000001 -3.70000005 1.29999995
329.51000977 39.08391571 44.91054535 656.53002930 0.20000000 -3.79999995 1.29999995
329.64001465 39.08395386 44.91085434 654.16998291 0.30000001 -3.90000010 1.29999995
329.76000977 39.08399963 44.91115952 651.76000977 0.30000001 -4.00000000 1.29999995
329.94000244 39.08406067 44.91161728 648.05999756 0.20000000 -4.09999990 1.29999995
330.04998779 39.08410263 44.91192245 645.53002930 0.30000001 -4.19999981 1.29999995
330.16000366 39.08413696 44.91217422 643.38000488 0.30000001 -4.30000019 1.29999995
330.26000977 39.08417130 44.91242599 641.20001221 0.20000000 -4.40000010 1.29999995
330.39001465 39.08420944 44.91272736 638.53997803 0.20000000 -4.50000000 1.29999995
330.51998901 39.08425903 44.91307449 635.36999512 0.30000001 -4.59999990 1.29999995
330.67999268 39.08431244 44.91347504 631.66998291 0.20000000 -4.69999981 1.29999995
330.77999878 39.08434677 44.91372299 629.30999756 0.20000000 -4.80000019 1.29999995
330.88000488 39.08438110 44.91397095 626.91998291 0.20000000 -4.90000010 1.29999995
330.98001099 39.08441544 44.91421890 624.50000000 0.30000001 -4.90000010 1.29999995
331.08999634 39.08445740 44.91451645 621.55999756 0.20000000 -5.00000000 1.29999995
331.22000122 39.08449554 44.91481018 618.55999756 0.20000000 -5.09999990 1.29999995
331.33999634 39.08453751 44.91510391 615.52001953 0.20000000 -5.19999981 1.29999995
331.45999146 39.08457947 44.91539764 612.42999268 0.30000001 -5.30000019 1.29999995
331.57998657 39.08461761 44.91569138 609.29998779 0.20000000 -5.40000010 1.29999995
331.70001221 39.08465958 44.91598511 606.11999512 0.20000000 -5.50000000 1.29999995
331.79998779 39.08469391 44.91622543 603.42999268 0.30000001 -5.59999990 1.29999995
331.91000366 39.08472443 44.91646957 600.71002197 0.20000000 -5.69999981 1.29999995
332.01998901 39.08476639 44.91675949 597.40997314 0.20000000 -5.80000019 1.29999995
332.14999390 39.08480453 44.91704559 594.07000732 0.30000001 -5.80000019 1.29999995
332.26998901 39.08484650 44.91733551 590.67999268 0.30000001 -6.00000000 1.29999995
332.38000488 39.08488464 44.91762161 587.23999023 0.20000000 -6.00000000 1.29999995
332.48001099 39.08491516 44.91786194 584.34997559 0.10000000 -6.09999990 1.29999995
332.57998657 39.08494949 44.91809845 581.41998291 0.20000000 -6.19999981 1.29999995
332.69000244 39.08498383 44.91833496 578.46002197 0.20000000 -6.30000019 1.29999995
332.80999756 39.08502197 44.91862106 574.88000488 0.20000000 -6.40000010 1.29999995
332.92999268 39.08506775 44.91895294 570.64001465 0.30000001 -6.50000000 1.29999995
333.04998779 39.08510208 44.91918945 567.57000732 0.10000000 -6.59999990 1.29999995
333.17001343 39.08514023 44.91947174 563.84997559 0.20000000 -6.69999981 1.29999995
333.29000854 39.08517838 44.91975403 560.09002686 0.20000000 -6.80000019 1.29999995
333.41000366 39.08522034 44.92003632 556.28997803 0.30000001 -6.80000019 1.29999995
333.52999878 39.08525848 44.92031479 552.45001221 0.40000001 -6.90000010 1.29999995
333.63000488 39.08529663 44.92059326 548.55999756 0.30000001 -7.00000000 1.29999995
333.75000000 39.08533478 44.92087555 544.63000488 0.30000001 -7.09999990 1.29999995
333.88000488 39.08537292 44.92115021 540.65997314 0.10000000 -7.19999981 1.29999995
333.98001099 39.08540726 44.92138290 537.32000732 0.30000001 -7.30000019 1.29999995
334.10000610 39.08544540 44.92166138 533.28002930 0.20000000 -7.40000010 1.29999995
334.20999146 39.08547592 44.92189026 529.88000488 0.10000000 -7.50000000 1.29999995
334.30999756 39.08551788 44.92216492 525.76000977 0.20000000 -7.50000000 1.29999995
334.42001343 39.08554840 44.92239380 522.29998779 0.10000000 -7.59999990 1.29999995
334.54000854 39.08558655 44.92266846 518.09997559 0.10000000 -7.69999981 1.29999995
334.66000366 39.08562469 44.92294312 513.86999512 0.00000000 -7.80000019 1.29999995
335.00000000 39.08573151 44.92371368 501.66000366 0.00000000 -8.10000038 1.29999995
335.10998535 39.08576965 44.92398453 497.26998901 0.30000001 -8.10000038 1.29999995
335.26998901 39.08581543 44.92430115 492.10998535 0.20000000 -8.30000019 1.29999995
335.38000488 39.08585358 44.92456818 487.64001465 0.20000000 -8.39999962 1.29999995
335.48001099 39.08588409 44.92479706 483.88000488 0.20000000 -8.39999962 1.29999995
335.58999634 39.08591461 44.92501831 480.10000610 0.30000001 -8.50000000 1.29999995
335.70001221 39.08595276 44.92528534 475.51998901 0.30000001 -8.60000038 1.29999995
335.79998779 39.08598328 44.92551041 471.67999268 0.40000001 -8.69999981 1.29999995
335.91000366 39.08601761 44.92573166 467.82000732 0.30000001 -8.80000019 1.29999995
336.01000977 39.08605194 44.92599487 463.14001465 0.30000001 -8.89999962 1.29999995
336.11999512 39.08608627 44.92621994 459.22000122 0.10000000 -8.89999962 1.29999995
336.23001099 39.08612061 44.92648315 454.47000122 0.10000000 -9.00000000 1.29999995
336.33999634 39.08615112 44.92670441 450.48999023 0.10000000 -9.10000038 1.29999995
336.45001221 39.08618546 44.92692566 446.48001099 0.20000000 -9.19999981 1.29999995
336.54998779 39.08621597 44.92714310 442.45001221 0.10000000 -9.30000019 1.29999995
336.64999390 39.08625031 44.92740631 437.57000732 0.10000000 -9.30000019 1.29999995
336.76000977 39.08628464 44.92762375 433.48001099 0.10000000 -9.39999962 1.29999995
336.86999512 39.08631516 44.92784119 429.36999512 0.10000000 -9.50000000 1.29999995
336.97000122 39.08634567 44.92806244 425.23001099 0.20000000 -9.60000038 1.29999995
337.07998657 39.08638000 44.92832184 420.22000122 0.20000000 -9.69999981 1.29999995
337.19000244 39.08641434 44.92853928 416.02999878 0.20000000 -9.69999981 1.29999995
337.29998779 39.08644867 44.92879868 410.95999146 0.20000000 -9.80000019 1.29999995
337.39999390 39.08647919 44.92901611 406.70001221 0.20000000 -9.89999962 1.29999995
337.51000977 39.08650970 44.92922974 402.42999268 0.30000001 -10.00000000 1.29999995
337.60998535 39.08654785 44.92948914 397.26000977 0.30000001 -10.10000038 1.29999995
337.72000122 39.08657837 44.92970276 392.92999268 0.30000001 -10.19999981 1.29999995
337.82000732 39.08660889 44.92991638 388.57000732 0.20000000 -10.19999981 1.29999995
337.92001343 39.08663940 44.93013000 384.19000244 0.20000000 -10.30000019 1.29999995
338.02999878 39.08667374 44.93038559 378.89999390 0.10000000 -10.39999962 1.29999995
338.13000488 39.08670425 44.93059921 374.47000122 0.10000000 -10.50000000 1.29999995
338.23999023 39.08673477 44.93081284 370.01000977 0.20000000 -10.60000038 1.29999995
338.35000610 39.08676529 44.93102264 365.52999878 0.20000000 -10.69999981 1.29999995
338.45001221 39.08679199 44.93123627 361.01998901 -0.10000000 -10.69999981 1.29999995
338.55999756 39.08683014 44.93148804 355.57998657 -0.40000001 -10.80000019 1.29999995
338.69000244 39.08686066 44.93174362 350.10000610 -0.69999999 -10.89999962 1.29999995
338.79000854 39.08689499 44.93199539 344.58999634 -0.80000001 -11.00000000 1.29999995
338.89999390 39.08692551 44.93220520 339.98001099 -1.20000005 -11.00000000 1.29999995
339.00000000 39.08695221 44.93241501 335.33999634 -1.29999995 -11.10000038 1.29999995
339.10998535 39.08697891 44.93262482 330.67001343 -1.50000000 -11.19999981 1.29999995
339.22000122 39.08701324 44.93287659 325.04000854 -1.89999998 -11.30000019 1.29999995
339.32000732 39.08703995 44.93308258 320.32998657 -2.20000005 -11.39999962 1.29999995
339.42999268 39.08707047 44.93329239 315.58999634 -1.89999998 -11.39999962 1.29999995
339.54000854 39.08710098 44.93354034 309.86999512 -1.70000005 -11.50000000 1.29999995
339.64001465 39.08713150 44.93375015 305.07998657 -1.50000000 -11.60000038 1.29999995
339.73999023 39.08715820 44.93395615 300.26998901 -1.29999995 -11.69999981 1.29999995
339.85998535 39.08719254 44.93420410 294.45999146 -1.10000002 -11.80000019 1.29999995
339.95999146 39.08721924 44.93441010 289.58999634 -0.89999998 -11.89999962 1.29999995
340.05999756 39.08724594 44.93461609 284.70999146 -0.69999999 -11.89999962 1.29999995
340.16000366 39.08727264 44.93482208 279.79998779 -0.30000001 -12.00000000 1.29999995
340.26000977 39.08729935 44.93502808 274.85998535 -0.10000000 -12.10000038 1.29999995
340.38000488 39.08733368 44.93527222 268.91000366 0.10000000 -12.19999981 1.29999995
340.48001099 39.08736038 44.93547821 263.92999268 0.20000000 -12.19999981 1.29999995
340.58999634 39.08739471 44.93572235 257.92001343 0.10000000 -12.30000019 1.29999995
340.70001221 39.08742142 44.93592453 252.88999939 0.10000000 -12.39999962 1.29999995
340.80999756 39.08744812 44.93613052 247.83000183 0.10000000 -12.50000000 1.29999995
340.91000366 39.08747482 44.93633270 242.75999451 0.10000000 -12.50000000 1.29999995
341.01998901 39.08750916 44.93657684 236.63999939 0.20000000 -12.60000038 1.29999995
341.13000488 39.08753586 44.93677521 231.50999451 0.10000000 -12.69999981 1.29999995
341.23999023 39.08757019 44.93701935 225.33000183 0.10000000 -12.80000019 1.29999995
341.35000610 39.08759689 44.93722153 220.14999390 0.20000000 -12.89999962 1.29999995
341.45999146 39.08762741 44.93746185 213.91999817 0.10000000 -13.00000000 1.29999995
341.55999756 39.08765411 44.93766022 208.69000244 0.20000000 -13.00000000 1.29999995
341.66000366 39.08768463 44.93786240 203.44999695 0.20000000 -13.10000038 1.29999995
341.76998901 39.08771515 44.93810272 197.13000488 0.20000000 -13.19999981 1.29999995
341.88000488 39.08774185 44.93830109 191.83000183 0.20000000 -13.30000019 1.29999995
341.98999023 39.08777237 44.93854141 185.44999695 0.10000000 -13.39999962 1.29999995
342.10000610 39.08779907 44.93873978 180.11000061 0.20000000 -13.39999962 1.29999995
342.20999146 39.08783340 44.93898010 173.67999268 0.10000000 -13.50000000 1.29999995
342.32000732 39.08786011 44.93917465 168.28999329 0.10000000 -13.60000038 1.29999995
342.42999268 39.08789062 44.93941498 161.80000305 0.00000000 -13.69999981 1.29999995
342.54000854 39.08792114 44.93960953 156.36000061 0.00000000 -13.80000019 1.29999995
342.64999390 39.08795166 44.93984604 149.80999756 0.00000000 -13.89999962 1.29999995
342.76000977 39.08797836 44.94004440 144.33000183 0.20000000 -13.89999962 1.29999995
342.85998535 39.08800507 44.94023895 138.83000183 0.10000000 -14.00000000 1.29999995
342.97000122 39.08803558 44.94047546 132.19999695 0.10000000 -14.10000038 1.29999995
343.07998657 39.08806229 44.94067001 126.65000153 0.20000000 -14.19999981 1.29999995
343.19000244 39.08809280 44.94090652 119.95999908 0.10000000 -14.30000019 1.29999995
343.29998779 39.08811951 44.94110107 114.37000275 0.20000000 -14.30000019 1.29999995
343.41000366 39.08815002 44.94133377 107.62999725 0.10000000 -14.39999962 1.29999995
343.51998901 39.08818054 44.94152832 101.98999786 0.20000000 -14.50000000 1.29999995
343.61999512 39.08820343 44.94171906 96.33000183 0.10000000 -14.60000038 1.29999995
343.73999023 39.08823776 44.94195557 89.51000214 0.00000000 -14.60000038 1.29999995
343.85000610 39.08826447 44.94214630 83.80000305 0.10000000 -14.69999981 1.29999995
343.95999146 39.08829498 44.94237900 76.93000031 0.20000000 -14.80000019 1.29999995
344.05999756 39.08832169 44.94256973 71.16999817 0.00000000 -14.89999962 1.29999995
344.17001343 39.08834839 44.94276428 65.40000153 0.10000000 -15.00000000 1.29999995
344.29000854 39.08838272 44.94303131 57.29000092 0.00000000 -15.10000038 1.29999995
344.39999390 39.08840942 44.94322205 51.45999908 0.20000000 -15.19999981 1.29999995
344.51000977 39.08843613 44.94341278 45.61999893 0.10000000 -15.19999981 1.29999995
344.61999512 39.08846664 44.94364166 38.59000015 0.20000000 -15.30000019 1.29999995
