169.02000427 39.14784241 44.85562134 441.20999146 0.00000000 0.00000000 333.70001221
169.13999939 39.14770889 44.85586929 440.86999512 0.00000000 0.00000000 333.70001221
169.25999451 39.14756012 44.85615158 440.35998535 0.00000000 0.00000000 333.70001221
169.38999939 39.14738846 44.85646439 439.67999268 0.00000000 -1.00000000 333.70001221
169.53999329 39.14713669 44.85693359 438.47000122 0.00000000 -1.20000005 333.70001221
169.66000366 39.14691544 44.85731888 436.36999512 0.00000000 -1.89999998 334.00000000
169.77999878 39.14668274 44.85774231 434.44000244 0.00000000 -2.29999995 336.00000000
169.91000366 39.14646149 44.85820389 433.47000122 0.00000000 -1.60000002 339.20001221
170.03999329 39.14623642 44.85879898 434.20001221 0.00000000 -0.10000000 342.79998779
170.16999817 39.14604568 44.85944748 436.97000122 0.00000000 1.39999998 346.29998779
170.30999756 39.14590073 44.86014938 441.88000488 0.00000000 2.90000010 349.50000000
170.44999695 39.14580536 44.86090088 448.73001099 0.00000000 4.19999981 350.89999390
170.61000061 39.14569473 44.86182404 457.01998901 0.00000000 4.59999990 350.89999390
170.77999878 39.14556503 44.86280441 465.14001465 0.00000000 4.40000010 349.89999390
170.92999268 39.14542770 44.86371613 471.64001465 0.00000000 3.90000010 349.50000000
171.08000183 39.14525986 44.86481476 479.39999390 90.00000000 3.59999990 349.50000000
171.22000122 39.14510345 44.86582184 486.42999268 85.80000305 3.59999990 349.50000000
171.38000488 39.14492416 44.86699295 494.44000244 68.50000000 3.50000000 349.50000000
171.53999329 39.14474106 44.86816025 502.32000732 47.70000076 3.50000000 349.39999390
171.69999695 39.14456177 44.86933136 510.05999756 28.50000000 3.40000010 349.39999390
171.86000061 39.14437866 44.87049866 517.67999268 13.80000019 3.29999995 349.39999390
172.00999451 39.14419174 44.87166977 525.17999268 4.00000000 3.29999995 349.39999390
172.16999817 39.14400864 44.87284088 532.55999756 -2.50000000 3.20000005 349.39999390
172.33000183 39.14384842 44.87386322 538.91998291 -4.09999990 3.20000005 349.39999390
172.44999695 39.14368820 44.87488556 545.20001221 -3.20000005 3.20000005 349.39999390
172.63999939 39.14348221 44.87620163 553.15002441 -1.70000005 3.09999990 349.29998779
172.82000732 39.14327240 44.87751770 560.96997070 -0.80000001 3.09999990 349.29998779
173.00000000 39.14306259 44.87883759 568.58001709 -0.69999999 3.00000000 349.20001221
173.16000366 39.14287186 44.88000488 573.94000244 -0.89999998 2.59999990 348.89999390
173.28999329 39.14272308 44.88088226 576.11999512 -1.39999998 1.79999995 348.50000000
173.44000244 39.14250565 44.88205338 575.82000732 -2.50000000 0.40000001 348.00000000
173.58000183 39.14230347 44.88307571 572.35998535 -4.19999981 -1.00000000 347.50000000
173.72999573 39.14206314 44.88423920 564.84002686 -6.69999981 -2.70000005 347.00000000
173.88000488 39.14183807 44.88525391 555.50000000 -9.39999962 -4.09999990 346.70001221
174.02000427 39.14160538 44.88626862 544.16998291 -12.00000000 -5.19999981 346.39999390
174.16000366 39.14137268 44.88728333 532.38000488 -14.30000019 -5.80000019 346.39999390
174.32000732 39.14110184 44.88843918 518.71997070 -15.89999962 -5.90000010 346.29998779
174.53999329 39.14072418 44.89002991 499.10000610 -16.50000000 -6.19999981 346.00000000
174.69000244 39.14044189 44.89118195 483.83999634 -16.00000000 -6.50000000 345.60000610
174.83000183 39.14018250 44.89218903 469.63000488 -15.10000038 -6.90000010 345.10000610
174.97000122 39.13991165 44.89319229 454.61999512 -14.19999981 -7.30000019 344.60000610
175.10000610 39.13966751 44.89405060 441.19000244 -13.50000000 -7.69999981 344.10000610
175.22999573 39.13941193 44.89490509 427.33999634 -13.30000019 -8.00000000 343.60000610
175.36999512 39.13905716 44.89604187 408.54000854 -14.39999962 -8.19999981 342.89999390
175.50999451 39.13877869 44.89689255 394.45999146 -15.50000000 -8.19999981 342.39999390
175.66999817 39.13839340 44.89802551 376.10998535 -17.79999924 -8.10000038 342.00000000
175.78999329 39.13804626 44.89901733 360.63000488 -19.60000038 -7.90000010 341.79998779
175.89999390 39.13779831 44.89972687 349.92999268 -20.70000076 -7.69999981 341.70001221
176.08000183 39.13734436 44.90100098 331.38000488 -22.00000000 -7.30000019 341.60000610
176.22999573 39.13698959 44.90198898 317.57998657 -22.00000000 -7.00000000 341.50000000
176.36000061 39.13663483 44.90298080 304.35998535 -20.79999924 -6.80000019 341.39999390
176.49000549 39.13627625 44.90397263 291.76998901 -19.20000076 -6.50000000 341.39999390
176.64999390 39.13586426 44.90510178 278.29000854 -16.20000076 -6.09999990 341.29998779
176.78999329 39.13555527 44.90595245 268.89999390 -13.10000038 -5.69999981 341.29998779
176.91999817 39.13519287 44.90694427 258.82000732 -10.69999981 -5.19999981 341.20001221
177.07000732 39.13477707 44.90807724 248.58999634 -8.19999981 -4.69999981 341.20001221
177.21000671 39.13441849 44.90905380 240.94000244 -6.30000019 -4.19999981 341.20001221
177.35000610 39.13411713 44.90987778 235.38999939 -4.59999990 -3.59999990 341.20001221
177.47999573 39.13376999 44.91082382 230.05000305 -3.50000000 -3.00000000 341.29998779
177.64999390 39.13333893 44.91202164 224.92999268 -2.29999995 -2.40000010 341.50000000
177.86999512 39.13287735 44.91332245 221.39999390 -0.80000001 -1.50000000 341.79998779
178.03999329 39.13248062 44.91446686 220.00000000 0.80000001 -0.80000001 342.20001221
178.17999268 39.13218689 44.91534424 219.97999573 2.40000010 -0.30000001 342.60000610
178.33000183 39.13186264 44.91633224 220.99000549 4.59999990 0.30000001 343.00000000
178.49000549 39.13159561 44.91718292 222.71000671 7.09999990 0.80000001 343.50000000
178.66000366 39.13127518 44.91825867 226.00999451 10.50000000 1.39999998 344.10000610
178.82000732 39.13100433 44.91920090 229.86999512 13.30000019 1.89999998 344.70001221
178.97999573 39.13075638 44.92012787 234.55000305 16.29999924 2.40000010 345.39999390
179.14999390 39.13052750 44.92103958 240.00999451 19.20000076 2.90000010 346.10000610
179.30000305 39.13031769 44.92193985 246.22000122 21.79999924 3.29999995 346.79998779
179.44000244 39.13015366 44.92271805 252.25000000 23.89999962 3.70000005 347.50000000
179.58000183 39.13000107 44.92348480 258.79998779 25.70000076 4.19999981 348.20001221
179.72999573 39.12984467 44.92434692 266.89999390 27.79999924 4.59999990 349.00000000
179.88000488 39.12972641 44.92509460 274.51000977 29.39999962 5.00000000 349.60000610
180.02000427 39.12961960 44.92582703 282.57998657 30.70000076 5.40000010 350.29998779
180.16000366 39.12952805 44.92655563 291.13000488 31.89999962 5.80000019 351.10000610
180.30000305 39.12945175 44.92727280 300.16000366 32.90000153 6.30000019 352.00000000
