295.10000610 39.06454849 44.80458069 254.55999756 0.00000000 0.00000000 10.19999981
295.20999146 39.06467438 44.80483246 260.00000000 0.00000000 0.00000000 10.39999962
295.35998535 39.06480789 44.80513382 266.70999146 0.00000000 10.60000038 10.19999981
295.45999146 39.06489563 44.80534744 271.76000977 0.00000000 11.10000038 9.39999962
295.55999756 39.06497574 44.80556488 277.02999878 0.00000000 11.60000038 8.00000000
295.67001343 39.06505203 44.80578232 281.57000732 0.00000000 11.19999981 6.40000010
295.77999878 39.06512833 44.80604935 284.54000854 0.00000000 8.30000019 4.19999981
295.89999390 39.06519318 44.80631638 286.13000488 0.00000000 4.69999981 2.09999990
296.02999878 39.06525040 44.80666733 286.50000000 0.00000000 1.60000002 0.00000000
296.16000366 39.06529236 44.80701065 286.23999023 0.00000000 0.10000000 0.00000000
296.27999878 39.06533813 44.80738831 286.27999878 0.00000000 -0.20000000 0.00000000
296.42001343 39.06539154 44.80787659 287.17001343 0.00000000 0.60000002 359.89999390
296.55999756 39.06544876 44.80841446 289.51000977 0.00000000 1.70000005 359.89999390
296.66000366 39.06549454 44.80883026 292.23001099 0.00000000 2.70000005 359.79998779
296.76998901 39.06553650 44.80927277 295.95999146 0.00000000 3.59999990 359.70001221
296.89001465 39.06560516 44.80993271 302.45001221 0.00000000 4.69999981 0.60000002
297.01000977 39.06566620 44.81043625 307.45001221 0.00000000 5.00000000 1.29999995
297.11999512 39.06575775 44.81107330 313.70001221 -57.70000076 5.00000000 2.09999990
297.23001099 39.06586838 44.81174469 320.20999146 -42.20000076 5.00000000 3.09999990
297.33999634 39.06597900 44.81233215 325.79998779 -28.29999924 4.90000010 3.90000010
297.44000244 39.06610870 44.81294632 331.52999878 -16.00000000 4.80000019 4.80000019
297.54998779 39.06625748 44.81357956 337.36999512 -3.50000000 4.69999981 5.80000019
297.66000366 39.06646347 44.81436920 344.57000732 8.50000000 4.59999990 6.90000010
297.76998901 39.06670380 44.81519318 351.97000122 20.20000076 4.59999990 8.00000000
297.89001465 39.06697464 44.81605530 359.55999756 31.79999924 4.50000000 9.10000038
298.01000977 39.06723022 44.81679535 366.01000977 39.20000076 4.40000010 10.00000000
298.14999390 39.06768036 44.81800079 376.35000610 47.59999847 4.30000019 11.19999981
298.32000732 39.06815720 44.81919861 386.42999268 53.90000153 4.19999981 11.50000000
298.42999268 39.06845474 44.81995010 392.70999146 55.79999924 4.09999990 11.50000000
298.54000854 39.06881332 44.82085037 400.23999023 56.50000000 4.09999990 11.50000000
298.67999268 39.06922913 44.82190323 409.00000000 54.59999847 4.09999990 11.50000000
298.79000854 39.06958771 44.82280350 416.45999146 51.40000153 4.09999990 11.50000000
298.92999268 39.06994629 44.82370377 423.85998535 45.20000076 4.09999990 11.50000000
299.04000854 39.07030487 44.82460403 431.17999268 40.00000000 4.00000000 11.50000000
299.14999390 39.07060242 44.82535553 437.20999146 33.20000076 4.00000000 11.50000000
299.26000977 39.07096100 44.82625580 444.35998535 26.50000000 4.00000000 11.50000000
299.36999512 39.07132339 44.82715607 451.39001465 21.00000000 3.90000010 11.50000000
299.48001099 39.07162476 44.82790756 457.17001343 16.00000000 3.79999995 11.60000038
299.61999512 39.07204437 44.82896042 465.13000488 10.50000000 3.79999995 11.60000038
299.80999756 39.07258606 44.83031082 475.14001465 4.80000019 3.70000005 11.60000038
299.94000244 39.07300568 44.83136368 482.72000122 2.59999990 3.59999990 11.60000038
300.05999756 39.07336807 44.83226776 489.04998779 1.39999998 3.50000000 11.60000038
300.17999268 39.07373047 44.83316803 495.16000366 0.69999999 3.40000010 11.60000038
300.30999756 39.07408905 44.83406830 500.98999023 0.60000002 3.29999995 11.60000038
300.45001221 39.07456970 44.83527374 508.16000366 0.50000000 3.00000000 11.50000000
300.60000610 39.07499313 44.83632660 513.70001221 0.40000001 2.79999995 11.50000000
300.73001099 39.07540894 44.83737946 518.46997070 0.20000000 2.40000010 11.50000000
300.86999512 39.07582855 44.83843231 523.05999756 -0.10000000 2.20000005 11.50000000
300.98001099 39.07612991 44.83918762 526.34002686 -0.20000000 2.20000005 11.50000000
301.10998535 39.07654572 44.84024048 530.92999268 -0.50000000 2.20000005 11.50000000
301.22000122 39.07684708 44.84099579 534.21002197 -0.60000002 2.20000005 11.50000000
301.35000610 39.07720566 44.84189606 538.14001465 -0.60000002 2.20000005 11.50000000
301.47000122 39.07762146 44.84295273 542.72998047 -0.80000001 2.20000005 11.50000000
301.60000610 39.07798004 44.84385681 546.66998291 -0.89999998 2.20000005 11.50000000
301.73999023 39.07840347 44.84490967 551.26000977 -0.69999999 2.20000005 11.50000000
301.88000488 39.07882309 44.84596634 555.84997559 -0.50000000 2.20000005 11.50000000
302.01000977 39.07924652 44.84701920 560.44000244 -0.30000001 2.20000005 11.50000000
302.17001343 39.07972717 44.84822464 565.69000244 0.00000000 2.20000005 11.50000000
302.27999878 39.08002853 44.84897614 568.96997070 0.10000000 2.20000005 11.50000000
302.41000366 39.08039093 44.84988403 572.90997314 0.40000001 2.20000005 11.50000000
302.55999756 39.08087158 44.85108566 578.15997314 0.60000002 2.20000005 11.50000000
302.72000122 39.08135223 44.85229111 583.40002441 0.69999999 2.20000005 11.50000000
302.82998657 39.08171463 44.85319519 587.34002686 0.60000002 2.20000005 11.50000000
302.95001221 39.08207321 44.85409927 591.27001953 0.50000000 2.20000005 11.50000000
303.07000732 39.08237076 44.85484695 594.52001953 0.30000001 2.20000005 11.50000000
303.20001221 39.08278275 44.85588074 599.03002930 0.20000000 2.20000005 11.50000000
303.30999756 39.08307648 44.85661316 602.21997070 0.10000000 2.20000005 11.50000000
303.42001343 39.08342361 44.85748291 606.01000977 -0.10000000 2.20000005 11.50000000
303.60998535 39.08393860 44.85877609 611.64001465 -0.30000001 2.20000005 11.50000000
303.73999023 39.08433533 44.85977173 615.96002197 -0.30000001 2.20000005 11.50000000
303.85998535 39.08467102 44.86061096 619.63000488 -0.30000001 2.20000005 11.50000000
303.98999023 39.08500290 44.86144638 623.27001953 -0.30000001 2.20000005 11.50000000
304.10000610 39.08533096 44.86227417 626.86999512 -0.30000001 2.20000005 11.50000000
304.20999146 39.08560562 44.86295700 629.84997559 -0.30000001 2.20000005 11.50000000
304.30999756 39.08592987 44.86376953 633.39001465 -0.20000000 2.20000005 11.50000000
304.41000366 39.08619690 44.86444092 636.32000732 -0.10000000 2.20000005 11.50000000
304.54998779 39.08656693 44.86537552 640.38000488 -0.10000000 2.20000005 11.50000000
304.67001343 39.08683014 44.86603546 643.25000000 -0.10000000 2.20000005 11.50000000
304.79998779 39.08719635 44.86695099 647.23999023 -0.10000000 2.20000005 11.50000000
304.91000366 39.08750534 44.86772919 650.63000488 0.00000000 2.20000005 11.50000000
305.04000854 39.08781433 44.86850357 653.98999023 0.00000000 2.20000005 11.50000000
305.14999390 39.08806610 44.86914062 656.76000977 0.00000000 2.20000005 11.50000000
305.26998901 39.08837128 44.86989594 660.07000732 0.00000000 2.20000005 11.50000000
305.39999390 39.08871841 44.87077332 663.88000488 0.00000000 2.20000005 11.50000000
305.51998901 39.08901596 44.87152100 667.13000488 0.00000000 2.20000005 11.50000000
305.64999390 39.08935928 44.87237930 670.86999512 0.10000000 2.20000005 11.50000000
305.76998901 39.08965302 44.87310791 674.04998779 0.00000000 2.20000005 11.50000000
305.89999390 39.08993912 44.87383652 677.21002197 0.00000000 2.20000005 11.50000000
306.04000854 39.09027100 44.87467194 680.85998535 0.00000000 2.20000005 11.50000000
306.17001343 39.09060287 44.87549973 684.46997070 0.10000000 2.20000005 11.50000000
306.29998779 39.09088516 44.87620544 687.53002930 0.00000000 2.20000005 11.50000000
306.44000244 39.09120941 44.87702179 691.08001709 0.00000000 2.20000005 11.50000000
306.57998657 39.09152985 44.87782669 694.59002686 -0.10000000 2.20000005 11.50000000
306.73001099 39.09189606 44.87873840 698.55999756 0.00000000 2.20000005 11.50000000
306.82998657 39.09212112 44.87930298 701.02001953 0.00000000 2.20000005 11.50000000
306.92999268 39.09234238 44.87986374 703.46002197 0.10000000 2.20000005 11.50000000
307.02999878 39.09256744 44.88042068 705.89001465 0.10000000 2.20000005 11.50000000
307.14001465 39.09278870 44.88097382 708.29998779 0.00000000 2.20000005 11.50000000
307.29000854 39.09313583 44.88185120 712.11999512 0.00000000 2.20000005 11.50000000
307.39999390 39.09335327 44.88239670 714.48999023 0.00000000 2.20000005 11.50000000
307.50000000 39.09357071 44.88293457 716.84002686 0.10000000 2.20000005 11.50000000
307.60998535 39.09378433 44.88347244 719.17999268 0.10000000 2.20000005 11.50000000
307.72000122 39.09403992 44.88411331 721.96997070 0.10000000 2.20000005 11.50000000
307.82000732 39.09424973 44.88463974 724.27001953 0.10000000 2.20000005 11.50000000
307.92999268 39.09450150 44.88526917 727.01000977 0.00000000 2.20000005 11.50000000
308.04000854 39.09470749 44.88579178 729.28002930 0.00000000 2.20000005 11.50000000
308.17999268 39.09499741 44.88651657 732.42999268 0.00000000 2.20000005 11.50000000
308.35000610 39.09536362 44.88743591 736.45001221 0.00000000 2.20000005 11.50000000
308.50000000 39.09564972 44.88814545 739.51000977 -0.10000000 2.09999990 11.50000000
308.67999268 39.09600830 44.88904953 743.35998535 -0.10000000 2.09999990 11.50000000
308.82000732 39.09628296 44.88974380 746.27001953 -0.10000000 2.09999990 11.50000000
308.92001343 39.09648132 44.89023590 748.32000732 0.00000000 2.09999990 11.50000000
309.10998535 39.09687042 44.89121246 752.30999756 0.00000000 2.00000000 11.50000000
309.22000122 39.09706497 44.89169312 754.26000977 0.10000000 2.00000000 11.50000000
309.41000366 39.09740829 44.89255524 757.67999268 0.10000000 2.00000000 11.50000000
309.51000977 39.09759903 44.89303207 759.54998779 0.20000000 2.00000000 11.50000000
309.64001465 39.09786224 44.89369202 762.10998535 0.20000000 1.89999998 11.50000000
309.76000977 39.09808731 44.89425278 764.26000977 0.30000001 1.89999998 11.50000000
309.88000488 39.09830856 44.89480972 766.38000488 0.20000000 1.89999998 11.50000000
310.00000000 39.09853363 44.89536285 768.46002197 0.30000001 1.89999998 11.50000000
310.11999512 39.09875107 44.89591217 770.50000000 0.30000001 1.89999998 11.50000000
310.23999023 39.09896851 44.89645767 772.51000977 0.20000000 1.79999995 11.50000000
310.35998535 39.09918594 44.89699936 774.47998047 0.20000000 1.79999995 11.50000000
310.48001099 39.09940338 44.89753723 776.41998291 0.30000001 1.79999995 11.50000000
310.60000610 39.09961700 44.89807129 778.32000732 0.20000000 1.79999995 11.60000038
310.72000122 39.09983063 44.89860153 780.20001221 0.20000000 1.79999995 11.60000038
310.85000610 39.10004044 44.89912796 782.03997803 0.20000000 1.70000005 11.60000038
310.97000122 39.10028458 44.89973450 784.15997314 0.20000000 1.70000005 11.60000038
311.10000610 39.10049057 44.90025330 785.94000244 0.10000000 1.70000005 11.60000038
311.20999146 39.10070038 44.90077209 787.69000244 0.20000000 1.70000005 11.60000038
311.32998657 39.10090256 44.90128326 789.41998291 0.20000000 1.70000005 11.60000038
311.45999146 39.10110855 44.90179062 791.11999512 0.10000000 1.70000005 11.60000038
311.57998657 39.10131073 44.90229416 792.78997803 0.20000000 1.60000002 11.60000038
311.70999146 39.10151291 44.90279770 794.44000244 0.10000000 1.60000002 11.60000038
311.82998657 39.10171127 44.90329361 796.05999756 0.20000000 1.60000002 11.60000038
311.95001221 39.10190964 44.90378952 797.65997314 0.20000000 1.60000002 11.60000038
312.05999756 39.10210800 44.90428162 799.23999023 0.20000000 1.60000002 11.60000038
312.17999268 39.10230255 44.90476990 800.78997803 0.10000000 1.60000002 11.60000038
312.29998779 39.10250092 44.90525436 802.32000732 0.10000000 1.60000002 11.60000038
312.42001343 39.10269165 44.90573883 803.83001709 0.20000000 1.60000002 11.60000038
312.54998779 39.10288239 44.90621567 805.32000732 0.10000000 1.50000000 11.60000038
312.66000366 39.10307312 44.90668869 806.78002930 0.10000000 1.50000000 11.60000038
312.77999878 39.10326385 44.90715790 808.21997070 0.10000000 1.50000000 11.60000038
312.91000366 39.10345078 44.90762711 809.64001465 0.00000000 1.50000000 11.60000038
313.01998901 39.10363770 44.90808868 811.03997803 0.10000000 1.50000000 11.60000038
313.14001465 39.10382462 44.90855026 812.41998291 0.20000000 1.50000000 11.60000038
313.25000000 39.10400772 44.90900803 813.78002930 0.20000000 1.50000000 11.60000038
313.36999512 39.10415649 44.90938568 814.90002441 0.00000000 1.50000000 11.60000038
313.48001099 39.10433960 44.90983582 816.22998047 0.10000000 1.50000000 11.60000038
313.60000610 39.10451889 44.91028214 817.53997803 0.20000000 1.50000000 11.60000038
313.72000122 39.10469818 44.91072464 818.83001709 0.10000000 1.39999998 11.60000038
313.83999634 39.10487366 44.91116714 820.09997559 0.20000000 1.39999998 11.60000038
313.95999146 39.10504913 44.91160583 821.35998535 0.20000000 1.39999998 11.60000038
314.07998657 39.10522461 44.91204071 822.59997559 0.00000000 1.39999998 11.60000038
314.19000244 39.10540009 44.91246796 823.82000732 0.10000000 1.39999998 11.60000038
314.32000732 39.10557175 44.91289902 825.03002930 0.10000000 1.39999998 11.60000038
314.42999268 39.10574341 44.91332245 826.22998047 0.20000000 1.39999998 11.60000038
314.54000854 39.10588455 44.91367340 827.21002197 0.10000000 1.39999998 11.60000038
314.66000366 39.10605240 44.91409302 828.38000488 0.00000000 1.39999998 11.60000038
314.76998901 39.10619354 44.91444397 829.34002686 0.00000000 1.39999998 11.60000038
314.88000488 39.10636139 44.91485596 830.47998047 0.00000000 1.39999998 11.60000038
314.98999023 39.10652542 44.91526794 831.60998535 0.00000000 1.39999998 11.60000038
315.10000610 39.10666275 44.91561127 832.53997803 0.20000000 1.39999998 11.60000038
315.20999146 39.10682678 44.91601562 833.64001465 0.10000000 1.29999995 11.60000038
315.32000732 39.10696411 44.91635132 834.54998779 0.20000000 1.29999995 11.60000038
315.42999268 39.10712433 44.91675568 835.63000488 0.10000000 1.29999995 11.60000038
315.54000854 39.10725784 44.91708755 836.52001953 -0.10000000 1.29999995 11.60000038
315.66000366 39.10741806 44.91748428 837.57000732 0.20000000 1.29999995 11.60000038
315.76998901 39.10757446 44.91787720 838.59002686 0.10000000 1.29999995 11.60000038
315.88000488 39.10770798 44.91820526 839.42999268 0.00000000 1.29999995 11.60000038
315.98999023 39.10786438 44.91859436 840.40997314 0.20000000 1.29999995 11.60000038
316.10000610 39.10799408 44.91891861 841.20001221 0.00000000 1.20000005 11.60000038
316.20999146 39.10815048 44.91930389 842.13000488 -0.10000000 1.20000005 11.60000038
316.32000732 39.10828018 44.91962433 842.89001465 -0.10000000 1.20000005 11.60000038
316.44000244 39.10843277 44.92000580 843.77001953 0.10000000 1.20000005 11.60000038
316.54998779 39.10856247 44.92032242 844.47998047 0.20000000 1.10000002 11.60000038
316.67999268 39.10873795 44.92076492 845.44000244 -0.10000000 1.10000002 11.60000038
316.79000854 39.10889053 44.92113876 846.23999023 0.00000000 1.10000002 11.60000038
316.92999268 39.10906601 44.92157364 847.13000488 -0.10000000 1.00000000 11.60000038
317.04000854 39.10918808 44.92188644 847.73999023 -0.10000000 1.00000000 11.60000038
317.14999390 39.10933685 44.92225266 848.45001221 0.10000000 1.00000000 11.60000038
317.26000977 39.10946274 44.92256165 849.02001953 0.20000000 0.89999998 11.60000038
317.44000244 39.10968399 44.92310715 849.98999023 -0.10000000 0.89999998 11.60000038
317.55999756 39.10982895 44.92346954 850.60998535 0.00000000 0.89999998 11.60000038
317.67001343 39.10997391 44.92383194 851.19000244 0.10000000 0.80000001 11.60000038
317.77999878 39.11009598 44.92413330 851.65997314 0.00000000 0.80000001 11.60000038
317.89001465 39.11024094 44.92449188 852.20001221 0.10000000 0.80000001 11.60000038
318.00000000 39.11035919 44.92478561 852.63000488 0.30000001 0.69999999 11.60000038
318.10998535 39.11047745 44.92508316 853.03997803 0.10000000 0.69999999 11.60000038
318.20999146 39.11061859 44.92543793 853.50000000 -0.10000000 0.69999999 11.60000038
318.33999634 39.11076355 44.92578888 853.94000244 -0.10000000 0.60000002 11.60000038
318.44000244 39.11087799 44.92607880 854.28997803 0.00000000 0.60000002 11.60000038
318.54998779 39.11100006 44.92637253 854.61999512 0.00000000 0.60000002 11.60000038
318.66000366 39.11113739 44.92671967 854.97998047 0.10000000 0.50000000 11.60000038
318.76998901 39.11127472 44.92706299 855.28002930 0.00000000 0.50000000 11.60000038
318.88000488 39.11139297 44.92735291 855.46997070 -0.10000000 0.40000001 11.60000038
318.98999023 39.11153030 44.92769241 855.63000488 -0.20000000 0.30000001 11.60000038
319.10000610 39.11164474 44.92797852 855.70001221 0.10000000 0.20000000 11.60000038
319.20999146 39.11178589 44.92832184 855.71997070 0.30000001 0.10000000 11.60000038
319.32000732 39.11189651 44.92860413 855.67999268 0.20000000 0.00000000 11.60000038
319.42999268 39.11203384 44.92893982 855.55999756 0.10000000 -0.10000000 11.60000038
319.54000854 39.11214447 44.92922211 855.40997314 -0.10000000 -0.20000000 11.60000038
319.66000366 39.11228180 44.92955780 855.15997314 0.10000000 -0.30000001 11.60000038
319.76998901 39.11241913 44.92988968 854.84002686 0.20000000 -0.40000001 11.60000038
319.89999390 39.11255264 44.93022156 854.46002197 0.30000001 -0.50000000 11.60000038
320.02999878 39.11268616 44.93055344 854.00000000 0.20000000 -0.60000002 11.60000038
320.14001465 39.11281586 44.93088531 853.46997070 -0.10000000 -0.69999999 11.60000038
320.25000000 39.11294937 44.93121338 852.88000488 -0.20000000 -0.80000001 11.60000038
320.36999512 39.11308289 44.93154144 852.21997070 0.00000000 -0.89999998 11.60000038
320.48999023 39.11319351 44.93181610 851.61999512 0.20000000 -1.00000000 11.60000038
320.60000610 39.11332703 44.93214035 850.84997559 0.20000000 -1.10000002 11.60000038
320.72000122 39.11345673 44.93246460 850.01000977 0.20000000 -1.20000005 11.60000038
320.82998657 39.11358643 44.93278503 849.09997559 0.00000000 -1.29999995 11.60000038
320.95001221 39.11369324 44.93305588 848.29998779 -0.10000000 -1.39999998 11.60000038
321.05999756 39.11382294 44.93337631 847.28002930 -0.10000000 -1.50000000 11.60000038
321.17999268 39.11395264 44.93369675 846.20001221 0.20000000 -1.60000002 11.60000038
321.29998779 39.11408234 44.93401337 845.05999756 0.20000000 -1.70000005 11.60000038
321.42001343 39.11421204 44.93433380 843.85998535 0.10000000 -1.79999995 11.60000038
321.54998779 39.11434174 44.93465042 842.59997559 0.20000000 -1.89999998 11.60000038
321.67001343 39.11446762 44.93496704 841.28002930 0.00000000 -2.00000000 11.60000038
321.77999878 39.11459351 44.93527985 839.90002441 -0.20000000 -2.09999990 11.60000038
321.89001465 39.11471939 44.93559265 838.46002197 -0.10000000 -2.20000005 11.60000038
322.01000977 39.11482239 44.93585205 837.21997070 0.10000000 -2.29999995 11.60000038
322.11999512 39.11495209 44.93616486 835.69000244 0.00000000 -2.40000010 11.60000038
322.23999023 39.11507416 44.93647766 834.09002686 0.00000000 -2.50000000 11.60000038
322.35000610 39.11520004 44.93678665 832.44000244 -0.10000000 -2.59999990 11.60000038
322.47000122 39.11532593 44.93709564 830.73999023 -0.10000000 -2.70000005 11.60000038
322.58999634 39.11542892 44.93735123 829.28002930 -0.20000000 -2.79999995 11.60000038
322.70999146 39.11557388 44.93770981 827.16998291 0.00000000 -2.90000010 11.60000038
322.83999634 39.11569595 44.93801498 825.29998779 0.10000000 -3.00000000 11.60000038
322.95999146 39.11581802 44.93832016 823.38000488 0.00000000 -3.09999990 11.60000038
323.07998657 39.11594391 44.93862534 821.40997314 -0.10000000 -3.20000005 11.60000038
323.20001221 39.11606598 44.93892670 819.38000488 0.00000000 -3.29999995 11.60000038
323.29998779 39.11616516 44.93917847 817.65002441 0.00000000 -3.29999995 11.60000038
323.42999268 39.11631012 44.93952942 815.16998291 -0.10000000 -3.40000010 11.60000038
323.54000854 39.11640930 44.93978119 813.34997559 0.00000000 -3.50000000 11.60000038
323.66000366 39.11653137 44.94007874 811.13000488 0.00000000 -3.59999990 11.60000038
323.77999878 39.11664963 44.94037628 808.84997559 0.00000000 -3.70000005 11.60000038
323.89999390 39.11676788 44.94067764 806.52001953 -0.10000000 -3.79999995 11.60000038
324.01000977 39.11687088 44.94092178 804.53997803 0.00000000 -3.90000010 11.60000038
324.11999512 39.11698914 44.94121933 802.11999512 -0.10000000 -4.00000000 11.60000038
324.23999023 39.11710739 44.94151306 799.65002441 -0.20000000 -4.09999990 11.60000038
324.35000610 39.11722946 44.94181061 797.13000488 -0.10000000 -4.19999981 11.60000038
324.47000122 39.11732864 44.94205475 794.98999023 -0.10000000 -4.30000019 11.60000038
324.57998657 39.11744690 44.94234467 792.38000488 0.00000000 -4.40000010 11.60000038
324.69000244 39.11756516 44.94263840 789.71997070 0.20000000 -4.40000010 11.60000038
324.80999756 39.11766052 44.94288254 787.46997070 0.10000000 -4.50000000 11.60000038
324.92001343 39.11777878 44.94317245 784.72998047 0.10000000 -4.59999990 11.60000038
325.02999878 39.11789703 44.94346237 781.92999268 0.10000000 -4.69999981 11.60000038
325.16000366 39.11801147 44.94374847 779.09002686 0.20000000 -4.80000019 11.60000038
325.26998901 39.11810684 44.94398880 776.67999268 0.10000000 -4.90000010 11.60000038
325.38000488 39.11822510 44.94427490 773.76000977 0.00000000 -5.00000000 11.60000038
325.48999023 39.11833954 44.94456482 770.78002930 0.10000000 -5.09999990 11.60000038
325.60998535 39.11843872 44.94480133 768.26000977 -0.20000000 -5.19999981 11.60000038
325.73001099 39.11855316 44.94508743 765.20001221 -0.10000000 -5.30000019 11.60000038
325.83999634 39.11866760 44.94536972 762.09997559 0.10000000 -5.30000019 11.60000038
325.95001221 39.11878204 44.94565582 758.95001221 0.00000000 -5.40000010 11.60000038
326.05999756 39.11887741 44.94588852 756.28997803 0.00000000 -5.50000000 11.60000038
326.17999268 39.11898804 44.94617081 753.04998779 0.00000000 -5.59999990 11.60000038
326.29998779 39.11910248 44.94645309 749.77001953 0.00000000 -5.69999981 11.60000038
326.42001343 39.11921692 44.94673157 746.45001221 -0.10000000 -5.80000019 11.60000038
326.54000854 39.11932755 44.94701385 743.08001709 -0.10000000 -5.90000010 11.60000038
326.66000366 39.11944199 44.94729233 739.65997314 -0.10000000 -6.00000000 11.60000038
326.79000854 39.11955261 44.94757080 736.20001221 -0.30000001 -6.09999990 11.60000038
326.91000366 39.11968613 44.94789505 732.11999512 -0.20000000 -6.19999981 11.60000038
327.01000977 39.11977768 44.94812393 729.15997314 0.00000000 -6.19999981 11.60000038
327.14001465 39.11988831 44.94839859 725.57000732 0.00000000 -6.40000010 11.60000038
327.26000977 39.11999893 44.94867706 721.94000244 0.00000000 -6.40000010 11.60000038
327.38000488 39.12010956 44.94895172 718.27001953 0.20000000 -6.50000000 11.60000038
327.50000000 39.12022018 44.94922256 714.54998779 0.20000000 -6.59999990 11.60000038
327.61999512 39.12033081 44.94949722 710.78997803 0.10000000 -6.69999981 11.60000038
327.73999023 39.12044144 44.94976807 706.98999023 0.00000000 -6.80000019 11.60000038
327.85998535 39.12055206 44.95004272 703.15002441 -0.10000000 -6.90000010 11.60000038
327.98001099 39.12065887 44.95031357 699.27001953 -0.30000001 -7.00000000 11.60000038
328.10998535 39.12076950 44.95058441 695.34002686 -0.40000001 -7.09999990 11.60000038
328.23001099 39.12088013 44.95085144 691.36999512 -0.10000000 -7.19999981 11.60000038
328.32998657 39.12098694 44.95112228 687.35998535 -0.10000000 -7.30000019 11.60000038
328.45001221 39.12109756 44.95138931 683.32000732 0.10000000 -7.40000010 11.60000038
328.57000732 39.12120438 44.95165634 679.22998047 0.20000000 -7.50000000 11.60000038
328.69000244 39.12131119 44.95192337 675.09997559 0.30000001 -7.59999990 11.60000038
328.80999756 39.12141800 44.95219040 670.92999268 0.30000001 -7.69999981 11.60000038
328.92999268 39.12152481 44.95245743 666.71997070 0.10000000 -7.69999981 11.60000038
329.04998779 39.12161255 44.95267868 663.17999268 0.10000000 -7.80000019 11.60000038
329.16000366 39.12171936 44.95294189 658.89001465 0.00000000 -7.90000010 11.60000038
329.27999878 39.12182617 44.95320511 654.57000732 -0.30000001 -8.00000000 11.60000038
329.39001465 39.12193298 44.95346832 650.21002197 -0.40000001 -8.10000038 11.60000038
329.51000977 39.12203979 44.95373154 645.80999756 -0.50000000 -8.19999981 11.60000038
329.64001465 39.12214661 44.95399475 641.36999512 -0.20000000 -8.30000019 11.60000038
329.76000977 39.12225342 44.95425415 636.89001465 0.00000000 -8.39999962 11.60000038
329.94000244 39.12240982 44.95464706 630.09997559 0.40000001 -8.50000000 11.60000038
330.04998779 39.12251282 44.95490646 625.53002930 0.40000001 -8.60000038 11.60000038
330.16000366 39.12260056 44.95512390 621.69000244 0.20000000 -8.69999981 11.60000038
330.26000977 39.12268448 44.95533752 617.82000732 0.10000000 -8.80000019 11.60000038
330.39001465 39.12279129 44.95559692 613.15002441 0.10000000 -8.80000019 11.60000038
330.51998901 39.12290955 44.95589447 607.64001465 0.10000000 -8.89999962 11.60000038
330.67999268 39.12304688 44.95623779 601.28997803 -0.40000001 -9.10000038 11.60000038
330.77999878 39.12313461 44.95645142 597.28997803 -0.50000000 -9.10000038 11.60000038
330.88000488 39.12322235 44.95666504 593.26000977 -0.69999999 -9.19999981 11.60000038
330.98001099 39.12330627 44.95687866 589.21002197 -0.60000002 -9.30000019 11.60000038
331.08999634 39.12340927 44.95713043 584.30999756 -0.40000001 -9.39999962 11.60000038
331.22000122 39.12351227 44.95738602 579.38000488 0.00000000 -9.50000000 11.60000038
331.33999634 39.12361526 44.95763779 574.40997314 0.30000001 -9.60000038 11.60000038
331.45999146 39.12371826 44.95789337 569.40002441 0.40000001 -9.69999981 11.60000038
331.57998657 39.12382126 44.95814514 564.34997559 0.40000001 -9.80000019 11.60000038
331.70001221 39.12392044 44.95839691 559.28002930 0.40000001 -9.80000019 11.60000038
331.79998779 39.12400436 44.95860291 555.01000977 0.40000001 -9.89999962 11.60000038
331.91000366 39.12408829 44.95881271 550.72998047 0.40000001 -10.00000000 11.60000038
332.01998901 39.12418747 44.95906448 545.55999756 0.10000000 -10.10000038 11.60000038
332.14999390 39.12429047 44.95931244 540.34997559 -0.10000000 -10.19999981 11.60000038
332.26998901 39.12438965 44.95956421 535.09997559 -0.40000001 -10.30000019 11.60000038
332.38000488 39.12448883 44.95981216 529.82000732 -0.69999999 -10.30000019 11.60000038
332.48001099 39.12457275 44.96001816 525.39001465 -0.89999998 -10.39999962 11.60000038
332.57998657 39.12465668 44.96022415 520.94000244 -0.60000002 -10.50000000 11.60000038
332.69000244 39.12474060 44.96043015 516.46997070 -0.30000001 -10.60000038 11.60000038
332.80999756 39.12483978 44.96067810 511.07000732 -0.20000000 -10.60000038 11.60000038
332.92999268 39.12495422 44.96096420 504.72000122 0.10000000 -10.80000019 11.60000038
333.04998779 39.12503815 44.96117020 500.16000366 0.40000001 -10.80000019 11.60000038
333.17001343 39.12513733 44.96141434 494.66000366 0.50000000 -10.89999962 11.60000038
333.29000854 39.12523651 44.96165848 489.11999512 0.60000002 -11.00000000 11.60000038
333.41000366 39.12533569 44.96190262 483.54998779 0.69999999 -11.10000038 11.60000038
333.52999878 39.12543106 44.96214676 477.94000244 0.50000000 -11.19999981 11.60000038
333.63000488 39.12553024 44.96239090 472.30999756 0.30000001 -11.30000019 11.60000038
333.75000000 39.12562561 44.96263123 466.63000488 0.10000000 -11.39999962 11.60000038
333.88000488 39.12572479 44.96287537 460.92999268 -0.30000001 -11.50000000 11.60000038
333.98001099 39.12580490 44.96307373 456.14999390 -0.60000002 -11.50000000 11.60000038
334.10000610 39.12590027 44.96331787 450.38000488 -0.80000001 -11.60000038 11.60000038
334.20999146 39.12598038 44.96351624 445.54998779 -0.89999998 -11.69999981 11.60000038
334.30999756 39.12607956 44.96375656 439.73001099 -0.69999999 -11.80000019 11.60000038
334.42001343 39.12615967 44.96395874 434.85000610 -0.60000002 -11.80000019 11.60000038
334.54000854 39.12625504 44.96419525 428.95999146 -0.20000000 -12.00000000 11.60000038
334.66000366 39.12635422 44.96443558 423.04000854 0.00000000 -12.00000000 11.60000038
335.00000000 39.12662506 44.96510696 406.10000610 0.69999999 -12.30000019 11.60000038
335.10998535 39.12672424 44.96534348 400.05999756 0.89999998 -12.30000019 11.60000038
335.26998901 39.12683105 44.96562195 392.97000122 0.69999999 -12.50000000 11.60000038
335.38000488 39.12692642 44.96585846 386.85998535 0.60000002 -12.60000038 11.60000038
335.48001099 39.12700653 44.96605301 381.75000000 0.30000001 -12.60000038 11.60000038
335.58999634 39.12708282 44.96624756 376.60998535 0.10000000 -12.69999981 11.60000038
335.70001221 39.12717819 44.96648407 370.41000366 -0.20000000 -12.80000019 11.60000038
335.79998779 39.12725449 44.96667862 365.23001099 -0.50000000 -12.89999962 11.60000038
335.91000366 39.12733459 44.96687317 360.01998901 -0.80000001 -12.89999962 11.60000038
336.01000977 39.12742615 44.96710587 353.73999023 -1.00000000 -13.00000000 11.60000038
336.11999512 39.12750626 44.96730042 348.48999023 -1.10000002 -13.10000038 11.60000038
336.23001099 39.12760162 44.96753311 342.14999390 -0.89999998 -13.19999981 11.60000038
336.33999634 39.12767792 44.96772766 336.85000610 -0.60000002 -13.30000019 11.60000038
336.45001221 39.12775421 44.96791840 331.51998901 -0.40000001 -13.39999962 11.60000038
336.54998779 39.12783432 44.96811295 326.17999268 -0.20000000 -13.39999962 11.60000038
336.64999390 39.12792969 44.96834564 319.73999023 0.00000000 -13.50000000 11.60000038
336.76000977 39.12800598 44.96853638 314.33999634 0.40000001 -13.60000038 11.60000038
336.86999512 39.12808228 44.96872711 308.92999268 0.69999999 -13.60000038 11.60000038
336.97000122 39.12816238 44.96891785 303.50000000 0.89999998 -13.69999981 11.60000038
337.07998657 39.12825394 44.96914673 296.95001221 1.10000002 -13.80000019 11.60000038
337.19000244 39.12833405 44.96933746 291.47000122 1.10000002 -13.89999962 11.60000038
337.29998779 39.12842560 44.96956635 284.85998535 0.80000001 -14.00000000 11.60000038
337.39999390 39.12849808 44.96975708 279.32998657 0.50000000 -14.00000000 11.60000038
337.51000977 39.12857437 44.96994781 273.79000854 0.30000001 -14.10000038 11.60000038
337.60998535 39.12866592 44.97017670 267.10000610 0.10000000 -14.19999981 11.60000038
337.72000122 39.12874222 44.97036362 261.51000977 -0.20000000 -14.30000019 11.60000038
337.82000732 39.12881851 44.97055435 255.89999390 -0.50000000 -14.39999962 11.60000038
337.92001343 39.12889099 44.97074127 250.25999451 -0.69999999 -14.39999962 11.60000038
338.02999878 39.12898254 44.97096634 243.47999573 -0.89999998 -14.50000000 11.60000038
338.13000488 39.12905884 44.97115326 237.80000305 -1.20000005 -14.60000038 11.60000038
338.23999023 39.12913513 44.97134399 232.10000610 -1.10000002 -14.60000038 11.60000038
338.35000610 39.12921143 44.97153091 226.38000488 -0.80000001 -14.69999981 11.60000038
338.45001221 39.12928772 44.97171783 220.63999939 -0.50000000 -14.80000019 11.60000038
338.55999756 39.12937546 44.97193909 213.72000122 -0.40000001 -14.89999962 11.60000038
338.69000244 39.12946701 44.97216415 206.77999878 -0.10000000 -15.00000000 11.60000038
338.79000854 39.12955856 44.97238541 199.80999756 0.20000000 -15.10000038 11.60000038
338.89999390 39.12963104 44.97257233 193.97000122 0.40000001 -15.10000038 11.60000038
339.00000000 39.12970734 44.97275925 188.11999512 0.50000000 -15.19999981 11.60000038
339.10998535 39.12978363 44.97294235 182.25000000 0.89999998 -15.30000019 11.60000038
339.22000122 39.12987137 44.97316360 175.17999268 1.00000000 -15.30000019 11.60000038
339.32000732 39.12994766 44.97335052 169.25999451 1.00000000 -15.39999962 11.60000038
339.42999268 39.13002396 44.97353363 163.32000732 0.89999998 -15.50000000 11.60000038
339.54000854 39.13011169 44.97375488 156.17999268 0.69999999 -15.60000038 11.60000038
339.64001465 39.13018417 44.97393799 150.22000122 0.50000000 -15.60000038 11.60000038
339.73999023 39.13025665 44.97412109 144.25999451 0.30000001 -15.69999981 11.60000038
339.85998535 39.13034439 44.97433853 137.10000610 0.00000000 -15.69999981 11.60000038
339.95999146 39.13041687 44.97452164 131.11999512 -0.10000000 -15.80000019 11.60000038
340.05999756 39.13048935 44.97470474 125.13999939 -0.40000001 -15.80000019 11.60000038
340.16000366 39.13056564 44.97488785 119.16000366 -0.69999999 -15.80000019 11.60000038
340.26000977 39.13063812 44.97506714 113.16999817 -1.00000000 -15.89999962 11.60000038
340.38000488 39.13072205 44.97528839 105.97000122 -1.20000005 -15.89999962 11.60000038
340.48001099 39.13079834 44.97546768 99.97000122 -1.10000002 -15.89999962 11.60000038
340.58999634 39.13088226 44.97568512 92.75000000 -0.89999998 -16.00000000 11.60000038
340.70001221 39.13095856 44.97586441 86.73999786 -0.60000002 -16.10000038 11.60000038
340.80999756 39.13103104 44.97604370 80.72000122 -0.40000001 -16.10000038 11.60000038
340.91000366 39.13110352 44.97622681 74.69000244 -0.30000001 -16.10000038 11.60000038
341.01998901 39.13119125 44.97644043 67.44999695 0.00000000 -16.10000038 11.60000038
341.13000488 39.13126373 44.97661972 61.41999817 0.20000000 -16.20000076 11.60000038
341.23999023 39.13134766 44.97683334 54.15999985 0.60000002 -16.20000076 11.60000038
341.35000610 39.13142395 44.97701263 48.11000061 0.80000001 -16.29999924 11.60000038
