143.39999390 39.18405533 44.81843567 703.67999268 0.00000000 0.00000000 321.10000610
143.47000122 39.18392944 44.81856537 703.35998535 0.00000000 0.00000000 321.10000610
143.58999634 39.18375015 44.81874847 702.83001709 0.00000000 0.00000000 321.10000610
143.69999695 39.18350983 44.81899261 702.01000977 0.00000000 -1.29999995 321.10000610
143.82000732 39.18324280 44.81926727 700.98999023 0.00000000 -1.50000000 321.10000610
143.92999268 39.18294525 44.81956863 699.47998047 0.00000000 -1.79999995 321.10000610
144.05000305 39.18267822 44.81984711 697.61999512 0.00000000 -2.40000010 321.10000610
144.16000366 39.18233109 44.82020187 695.28002930 0.00000000 -2.79999995 321.10000610
144.27999878 39.18195343 44.82058716 692.98999023 0.00000000 -2.59999990 321.10000610
144.38999939 39.18161774 44.82093048 691.21002197 0.00000000 -2.40000010 321.10000610
144.50000000 39.18119049 44.82137299 689.32000732 0.00000000 -2.00000000 321.10000610
144.64999390 39.18057251 44.82200241 687.33001709 0.00000000 -1.50000000 321.10000610
144.77000427 39.18016052 44.82242584 686.39001465 0.00000000 -1.20000005 321.10000610
144.88000488 39.17964172 44.82295609 685.25000000 0.00000000 -1.00000000 321.10000610
144.99000549 39.17909241 44.82351685 684.03997803 0.00000000 -0.89999998 321.10000610
145.11000061 39.17861557 44.82400513 682.98999023 0.00000000 -0.89999998 321.10000610
145.22000122 39.17801666 44.82462311 681.65997314 0.00000000 -0.89999998 321.10000610
145.33000183 39.17738724 44.82526398 680.28002930 0.00000000 -0.89999998 321.10000610
145.44999695 39.17684174 44.82582474 679.04998779 0.00000000 -0.89999998 321.10000610
145.55999756 39.17616272 44.82652283 677.53002930 0.00000000 -0.89999998 321.10000610
145.66999817 39.17545319 44.82724380 675.94000244 0.00000000 -0.89999998 321.10000610
145.78999329 39.17486191 44.82785034 674.60998535 0.00000000 -0.89999998 321.10000610
145.89999390 39.17414856 44.82858276 673.02001953 0.00000000 -0.89999998 321.10000610
146.00999451 39.17343903 44.82930756 671.42999268 0.00000000 -0.89999998 321.10000610
146.13000488 39.17284393 44.82991791 670.09997559 0.00000000 -0.89999998 321.10000610
146.24000549 39.17213058 44.83064651 668.51000977 -0.10000000 -0.89999998 321.10000610
146.35000610 39.17142105 44.83137512 666.91998291 -0.10000000 -0.89999998 321.10000610
146.46000671 39.17082596 44.83198166 665.59002686 -0.10000000 -0.89999998 321.10000610
146.58000183 39.17011261 44.83271027 664.01000977 -0.10000000 -0.89999998 321.10000610
146.72000122 39.16928101 44.83356094 662.15002441 -0.20000000 -0.89999998 321.10000610
146.83999634 39.16857147 44.83428955 660.57000732 -0.10000000 -0.89999998 321.10000610
146.94999695 39.16785812 44.83501816 658.97998047 -0.10000000 -0.89999998 321.10000610
147.07000732 39.16714859 44.83574677 657.40002441 -0.10000000 -0.89999998 321.10000610
147.19000244 39.16643524 44.83647537 655.80999756 -0.10000000 -0.89999998 321.10000610
147.30999756 39.16584015 44.83708191 654.48999023 -0.10000000 -0.89999998 321.10000610
147.42999268 39.16512680 44.83781052 652.90997314 -0.10000000 -0.89999998 321.10000610
147.55000305 39.16429901 44.83866119 651.07000732 0.00000000 -0.89999998 321.10000610
147.67999268 39.16358566 44.83938980 649.48999023 0.00000000 -0.89999998 321.10000610
147.80999756 39.16287231 44.84011841 647.90997314 0.00000000 -0.89999998 321.10000610
147.94000244 39.16204071 44.84096909 646.07000732 -0.10000000 -0.89999998 321.10000610
148.05999756 39.16132736 44.84169769 644.48999023 -0.10000000 -0.89999998 321.10000610
148.19000244 39.16061783 44.84242630 642.90997314 0.00000000 -0.89999998 321.10000610
148.30999756 39.15990448 44.84315491 641.34002686 0.00000000 -0.89999998 321.10000610
148.42999268 39.15907288 44.84400177 639.50000000 0.00000000 -0.89999998 321.10000610
148.55999756 39.15835953 44.84473038 637.92999268 0.00000000 -0.89999998 321.10000610
148.71000671 39.15740967 44.84570312 635.83001709 0.00000000 -0.89999998 321.10000610
148.83000183 39.15670013 44.84643173 634.26000977 -0.10000000 -0.89999998 321.10000610
148.96000671 39.15598679 44.84716034 632.69000244 0.00000000 -0.89999998 321.10000610
149.08000183 39.15527344 44.84788895 631.11999512 0.00000000 -0.89999998 321.10000610
149.21000671 39.15456009 44.84861755 629.54998779 -0.10000000 -0.89999998 321.10000610
149.33999634 39.15372849 44.84946442 627.72998047 -0.10000000 -0.89999998 321.10000610
149.44999695 39.15313721 44.85007477 626.41998291 0.00000000 -0.89999998 321.10000610
149.55999756 39.15242386 44.85079956 624.85998535 0.10000000 -0.89999998 321.10000610
149.67999268 39.15171432 44.85152817 623.28997803 0.10000000 -0.89999998 321.10000610
149.78999329 39.15112305 44.85213470 621.98999023 0.20000000 -0.89999998 321.10000610
149.91000366 39.15041351 44.85286331 620.42999268 0.30000001 -0.89999998 321.10000610
150.02000427 39.14970398 44.85359192 618.86999512 0.30000001 -0.89999998 321.10000610
150.13999939 39.14899063 44.85432053 617.30999756 0.50000000 -0.89999998 321.10000610
150.25999451 39.14828110 44.85504913 615.75000000 0.50000000 -0.89999998 321.10000610
150.36999512 39.14757156 44.85577774 614.19000244 0.60000002 -0.89999998 321.10000610
150.49000549 39.14686203 44.85650635 612.64001465 0.60000002 -0.89999998 321.10000610
150.61000061 39.14614868 44.85723114 611.08001709 0.50000000 -0.89999998 321.10000610
150.75999451 39.14532089 44.85808182 609.27001953 0.40000001 -0.89999998 321.10000610
150.88000488 39.14461136 44.85881042 607.71997070 0.30000001 -0.89999998 321.10000610
151.00999451 39.14378357 44.85966110 605.90997314 0.30000001 -0.89999998 321.10000610
151.13999939 39.14307404 44.86038971 604.35998535 0.20000000 -0.89999998 321.10000610
151.25999451 39.14236069 44.86111450 602.80999756 0.10000000 -0.89999998 321.10000610
151.38000488 39.14165115 44.86184311 601.27001953 0.00000000 -0.89999998 321.10000610
151.50999451 39.14082718 44.86268616 599.47998047 -0.10000000 -0.89999998 321.10000610
151.63999939 39.14012909 44.86339951 597.96002197 -0.10000000 -0.89999998 321.10000610
151.77000427 39.13932037 44.86422729 596.21997070 -0.10000000 -0.89999998 321.10000610
151.89999390 39.13863754 44.86492538 594.73999023 -0.20000000 -0.89999998 321.10000610
152.02999878 39.13784790 44.86573410 593.02001953 -0.20000000 -0.89999998 321.10000610
152.17999268 39.13706970 44.86653137 591.30999756 -0.20000000 -0.89999998 321.10000610
152.30999756 39.13640594 44.86721039 589.85998535 -0.20000000 -0.89999998 321.20001221
152.42999268 39.13564682 44.86799240 588.22998047 -0.10000000 -0.89999998 321.29998779
152.55999756 39.13500214 44.86865997 586.91998291 0.30000001 -0.89999998 321.50000000
152.72000122 39.13415527 44.86953735 585.35998535 0.89999998 -0.80000001 321.89999390
152.86999512 39.13333511 44.87041092 584.03002930 2.20000005 -0.69999999 322.39999390
153.00000000 39.13273621 44.87105942 583.17999268 3.59999990 -0.60000002 323.00000000
153.13000488 39.13214874 44.87170792 582.41998291 5.59999990 -0.50000000 323.70001221
153.25999451 39.13148880 44.87246323 581.57000732 8.60000038 -0.50000000 324.50000000
153.44000244 39.13067245 44.87343216 580.38000488 13.89999962 -0.50000000 325.70001221
153.58000183 39.13006210 44.87418747 579.21997070 18.60000038 -0.60000002 326.60000610
153.71000671 39.12956238 44.87483215 577.96997070 23.29999924 -0.80000001 327.39999390
153.83000183 39.12907410 44.87547302 576.40997314 28.00000000 -1.00000000 328.20001221
153.94999695 39.12853241 44.87622452 574.14001465 33.00000000 -1.20000005 329.10000610
154.08999634 39.12808228 44.87686157 571.77001953 37.20000076 -1.50000000 329.79998779
154.21000671 39.12757492 44.87760544 568.46997070 41.09999847 -1.89999998 330.50000000
154.63999939 39.12616730 44.87980652 554.94000244 46.20000076 -2.90000010 332.39999390
154.75999451 39.12579346 44.88042450 550.08001709 45.59999847 -3.29999995 332.89999390
154.89999390 39.12536621 44.88114166 543.84002686 43.90000153 -3.90000010 333.39999390
155.02999878 39.12495804 44.88185120 536.96002197 42.29999924 -4.40000010 333.89999390
155.17999268 39.12456131 44.88255692 529.46002197 39.59999847 -4.90000010 334.29998779
155.32000732 39.12417603 44.88325500 521.32000732 35.79999924 -5.40000010 334.79998779
155.44999695 39.12385559 44.88385010 513.85998535 32.70000076 -5.80000019 335.20001221
155.58000183 39.12349701 44.88453674 504.60000610 31.20000076 -6.30000019 335.60000610
155.74000549 39.12309265 44.88531494 493.29998779 29.39999962 -6.80000019 336.10000610
155.97000122 39.12252045 44.88646317 475.17999268 26.00000000 -7.59999990 336.89999390
156.11000061 39.12220383 44.88713074 464.29000854 24.89999962 -7.80000019 337.50000000
156.25999451 39.12189865 44.88779068 453.48999023 23.89999962 -7.90000010 337.89999390
156.39999390 39.12160492 44.88844681 443.04998779 23.79999924 -7.80000019 338.39999390
156.55000305 39.12131500 44.88909912 433.05999756 22.89999962 -7.59999990 338.70001221
156.64999390 39.12111664 44.88956070 426.25000000 22.29999924 -7.40000010 338.89999390
156.80000305 39.12080383 44.89029694 415.97000122 22.20000076 -7.00000000 339.29998779
156.94999695 39.12054062 44.89093018 407.66000366 22.10000038 -6.59999990 339.70001221
157.10000610 39.12025070 44.89165115 399.05999756 21.89999962 -6.09999990 340.00000000
157.24000549 39.12000275 44.89227676 391.89999390 21.20000076 -5.80000019 340.00000000
157.38999939 39.11972046 44.89298248 383.83999634 20.00000000 -5.59999990 340.10000610
157.53999329 39.11947632 44.89359665 377.10998535 18.60000038 -5.50000000 340.39999390
157.69000244 39.11921310 44.89429092 370.00000000 17.20000076 -5.19999981 341.00000000
157.85000610 39.11896133 44.89498138 363.48999023 16.20000076 -4.80000019 341.70001221
158.05000305 39.11866760 44.89583588 355.91000366 15.39999962 -4.50000000 342.70001221
158.19999695 39.11847687 44.89643097 350.73999023 15.80000019 -4.40000010 343.29998779
158.33999634 39.11829376 44.89702225 345.35998535 17.10000038 -4.50000000 343.50000000
158.47999573 39.11811447 44.89760590 339.83999634 18.79999924 -4.69999981 343.50000000
158.64999390 39.11790848 44.89826965 333.54000854 20.20000076 -4.80000019 343.39999390
158.78999329 39.11770630 44.89892578 327.10998535 20.60000038 -4.90000010 343.29998779
158.94000244 39.11753082 44.89949417 321.30999756 19.79999924 -5.00000000 343.20001221
159.08000183 39.11734772 44.90005875 315.27999878 18.00000000 -5.30000019 343.00000000
159.22000122 39.11716843 44.90061188 309.07998657 14.89999962 -5.50000000 342.60000610
159.36999512 39.11698532 44.90116501 302.80999756 10.19999981 -5.59999990 342.20001221
159.50999451 39.11679840 44.90171051 296.64999390 5.50000000 -5.69999981 341.89999390
159.66000366 39.11658096 44.90232468 289.89999390 0.40000001 -5.50000000 341.50000000
159.80000305 39.11638641 44.90285492 284.36999512 -4.09999990 -5.30000019 341.20001221
159.94999695 39.11619186 44.90338135 279.29998779 -8.00000000 -5.00000000 340.89999390
160.08999634 39.11597061 44.90397263 274.20999146 -11.10000038 -4.50000000 340.60000610
160.24000549 39.11577606 44.90448380 270.51000977 -13.30000019 -3.90000010 340.39999390
160.38000488 39.11557770 44.90498734 267.61999512 -14.50000000 -3.20000005 340.39999390
160.52000427 39.11538315 44.90548706 265.67999268 -15.00000000 -2.29999995 340.39999390
160.71000671 39.11511230 44.90618896 264.66000366 -14.39999962 -1.00000000 340.70001221
160.86000061 39.11492920 44.90667343 265.23999023 -12.69999981 0.00000000 341.00000000
161.02000427 39.11472702 44.90721893 267.19000244 -10.00000000 1.39999998 341.60000610
161.16000366 39.11456299 44.90769196 269.98001099 -6.50000000 2.40000010 342.20001221
161.30000305 39.11440277 44.90816116 273.64999390 -2.20000005 3.50000000 342.79998779
161.44000244 39.11425781 44.90862274 278.14001465 2.90000010 4.40000010 343.50000000
161.58000183 39.11411667 44.90908051 283.32998657 7.80000019 5.30000019 344.10000610
161.72999573 39.11399078 44.90953445 289.16000366 13.10000038 6.19999981 344.70001221
161.86999512 39.11384964 44.91004562 296.51000977 17.70000076 6.90000010 345.29998779
162.00999451 39.11373901 44.91048813 303.51000977 21.70000076 7.59999990 345.79998779
162.14999390 39.11363220 44.91092300 310.97000122 24.50000000 8.30000019 346.20001221
162.28999329 39.11352921 44.91135788 318.75000000 26.20000076 8.80000019 346.79998779
162.42999268 39.11343765 44.91178894 326.70001221 27.10000038 9.19999981 347.29998779
162.64999390 39.11331177 44.91239548 338.01998901 26.89999962 9.39999962 348.00000000
162.80000305 39.11322021 44.91287994 346.92999268 26.29999924 9.30000019 348.39999390
162.94000244 39.11314392 44.91329956 354.60998535 25.39999962 9.30000019 348.79998779
163.10000610 39.11306381 44.91377640 363.19000244 24.20000076 9.19999981 349.20001221
163.22000122 39.11300659 44.91413116 369.41000366 23.50000000 9.00000000 349.50000000
163.36000061 39.11294556 44.91454697 376.27999878 22.60000038 8.60000038 350.00000000
163.50000000 39.11288834 44.91495895 382.64999390 21.70000076 8.10000038 350.50000000
163.63999939 39.11283875 44.91536713 388.32000732 21.39999962 7.40000010 351.00000000
163.78999329 39.11279297 44.91577530 393.16000366 20.89999962 6.50000000 351.60000610
163.92999268 39.11274719 44.91624069 397.39999390 21.29999924 5.19999981 352.20001221
164.11999512 39.11270142 44.91675949 400.25000000 22.00000000 3.29999995 352.79998779
164.27999878 39.11267090 44.91721344 400.86999512 22.79999924 1.39999998 353.10000610
164.39999390 39.11264801 44.91755676 400.07000732 23.70000076 -0.20000000 353.29998779
164.52999878 39.11262512 44.91794968 397.73999023 24.79999924 -2.20000005 353.50000000
164.69000244 39.11260223 44.91833878 393.88000488 25.10000038 -4.19999981 353.50000000
164.80000305 39.11258316 44.91867065 389.39999390 24.20000076 -6.00000000 353.39999390
164.92999268 39.11256027 44.91905212 382.89001465 21.50000000 -7.80000019 353.20001221
165.05999756 39.11253738 44.91937637 376.23001099 18.29999924 -9.50000000 352.89999390
165.19000244 39.11251450 44.91970062 368.64999390 14.69999981 -11.19999981 352.60000610
165.30999756 39.11248779 44.92001724 360.22000122 10.89999962 -12.69999981 352.10000610
165.42999268 39.11245346 44.92038345 349.42999268 6.59999990 -14.10000038 351.39999390
165.55000305 39.11241913 44.92069244 339.51998901 2.29999995 -15.19999981 350.70001221
165.67999268 39.11237717 44.92100143 329.19000244 -2.00000000 -16.29999924 349.79998779
165.80999756 39.11231995 44.92135620 317.07000732 -6.69999981 -16.79999924 349.00000000
165.92999268 39.11227798 44.92161179 308.57000732 -10.39999962 -16.70000076 349.00000000
166.07000732 39.11221695 44.92196655 296.66000366 -13.89999962 -16.60000038 349.00000000
166.19000244 39.11215591 44.92232132 284.82998657 -16.50000000 -16.60000038 348.89999390
166.36999512 39.11208725 44.92272186 271.57998657 -18.50000000 -16.39999962 348.70001221
166.72000122 39.11192322 44.92362976 244.08000183 -18.29999924 -15.19999981 348.20001221
166.86000061 39.11185455 44.92398071 234.75000000 -16.29999924 -14.10000038 348.10000610
167.05999756 39.11175537 44.92448044 223.22999573 -13.19999981 -11.89999962 348.00000000
167.21000671 39.11167908 44.92488098 215.69000244 -11.19999981 -10.30000019 348.00000000
167.30999756 39.11162949 44.92513275 211.78999329 -10.00000000 -8.89999962 348.10000610
167.46000671 39.11156082 44.92547989 207.33999634 -7.80000019 -7.09999990 348.29998779
167.55999756 39.11151505 44.92573166 204.92999268 -6.30000019 -5.80000019 348.60000610
167.72999573 39.11144257 44.92612839 202.28999329 -4.59999990 -3.90000010 349.10000610
167.86000061 39.11138535 44.92647171 201.16000366 -2.79999995 -2.40000010 349.60000610
168.02000427 39.11132812 44.92686844 201.16000366 0.20000000 -0.60000002 350.39999390
168.16000366 39.11127853 44.92720795 202.21000671 4.00000000 0.89999998 351.10000610
168.27999878 39.11124420 44.92750168 203.85000610 7.90000010 2.20000005 351.79998779
168.38999939 39.11122131 44.92774200 205.69999695 11.69999981 3.20000005 352.29998779
168.52999878 39.11119461 44.92808151 208.97000122 16.60000038 4.50000000 353.10000610
168.66999817 39.11116791 44.92846298 213.69000244 21.29999924 5.80000019 353.89999390
168.78999329 39.11115265 44.92874908 217.91000366 24.60000038 6.90000010 354.50000000
168.91000366 39.11114502 44.92898178 221.88000488 27.00000000 8.00000000 354.89999390
169.02000427 39.11113358 44.92926025 227.21000671 29.20000076 9.10000038 355.39999390
169.13999939 39.11112976 44.92953873 233.19000244 30.39999962 10.19999981 355.79998779
169.25999451 39.11112595 44.92981339 239.86000061 30.70000076 11.50000000 356.10000610
169.38999939 39.11112595 44.93008423 247.25000000 30.29999924 13.00000000 356.50000000
169.53999329 39.11112976 44.93043900 258.32998657 28.60000038 14.89999962 357.20001221
169.66000366 39.11113358 44.93070221 267.58999634 27.00000000 16.50000000 357.79998779
169.77999878 39.11114502 44.93096161 277.67999268 25.29999924 18.39999962 358.70001221
169.91000366 39.11116028 44.93121338 288.60998535 23.50000000 20.29999924 359.89999390
170.03999329 39.11118698 44.93149948 302.42999268 22.10000038 22.39999962 1.50000000
170.16999817 39.11122131 44.93178177 317.51000977 21.70000076 24.50000000 3.90000010
170.30999756 39.11127472 44.93204880 334.22000122 22.39999962 27.50000000 7.90000010
170.44999695 39.11133957 44.93230820 351.67001343 24.20000076 30.00000000 7.90000010
170.61000061 39.11141205 44.93260193 371.39999390 25.60000038 30.70000076 7.80000019
170.77999878 39.11148071 44.93289566 390.89001465 26.50000000 30.50000000 7.59999990
170.92999268 39.11154175 44.93315125 407.75000000 26.70000076 30.29999924 7.50000000
171.08000183 39.11161041 44.93344498 426.79000854 25.79999924 30.20000076 7.30000019
171.22000122 39.11167145 44.93369675 443.25000000 23.79999924 30.00000000 7.19999981
171.38000488 39.11173630 44.93398666 461.83999634 19.29999924 29.79999924 7.09999990
171.53999329 39.11180115 44.93427277 480.17999268 14.00000000 29.60000038 7.00000000
171.69999695 39.11186600 44.93455887 498.29000854 9.30000019 29.39999962 6.80000019
171.86000061 39.11193085 44.93484497 516.15002441 5.30000019 29.20000076 6.69999981
172.00999451 39.11199188 44.93512726 533.77001953 1.89999998 29.00000000 6.59999990
172.16999817 39.11205292 44.93540955 551.15002441 -1.10000002 28.79999924 6.50000000
172.33000183 39.11210632 44.93565369 566.15997314 -1.89999998 28.60000038 6.40000010
172.44999695 39.11215973 44.93589783 580.98999023 -1.70000005 28.39999962 6.30000019
172.63999939 39.11222839 44.93621063 599.78997803 -1.50000000 28.20000076 6.19999981
172.82000732 39.11229324 44.93651962 618.29998779 -1.70000005 27.89999962 6.09999990
173.00000000 39.11235809 44.93683243 636.54998779 -1.60000002 27.70000076 6.00000000
173.16000366 39.11241531 44.93710327 652.53997803 -1.39999998 27.50000000 5.90000010
173.28999329 39.11245728 44.93730927 664.40002441 -1.39999998 27.39999962 5.90000010
173.44000244 39.11251450 44.93757629 680.02001953 -1.29999995 27.20000076 5.80000019
173.58000183 39.11256409 44.93781281 693.52001953 -1.39999998 27.10000038 5.69999981
173.72999573 39.11262512 44.93808365 708.76000977 -1.20000005 26.89999962 5.59999990
173.88000488 39.11267090 44.93831635 721.91998291 -0.89999998 26.70000076 5.59999990
174.02000427 39.11271667 44.93854904 734.91998291 -1.00000000 26.50000000 5.50000000
174.16000366 39.11276245 44.93877792 747.77001953 -0.89999998 26.39999962 5.50000000
174.32000732 39.11281586 44.93904114 762.27001953 -1.00000000 26.20000076 5.40000010
174.53999329 39.11288834 44.93939972 781.85998535 -1.00000000 25.89999962 5.30000019
174.69000244 39.11294174 44.93965912 795.88000488 -1.10000002 25.79999924 5.30000019
174.83000183 39.11298752 44.93988800 807.97998047 -1.10000002 25.60000038 5.19999981
174.97000122 39.11303329 44.94010925 819.92999268 -0.80000001 25.39999962 5.19999981
175.10000610 39.11307144 44.94030380 830.04998779 -0.60000002 25.20000076 5.09999990
175.22999573 39.11311340 44.94049454 840.05999756 -0.30000001 25.00000000 5.09999990
175.36999512 39.11316299 44.94075012 853.22998047 -0.20000000 24.79999924 5.00000000
175.50999451 39.11320114 44.94093704 862.98999023 -0.10000000 24.70000076 5.00000000
175.66999817 39.11325073 44.94118881 875.83001709 -0.20000000 24.50000000 4.90000010
175.78999329 39.11329269 44.94140625 886.90997314 -0.30000001 24.39999962 4.90000010
175.89999390 39.11332321 44.94156265 894.72998047 -0.50000000 24.20000076 4.90000010
176.08000183 39.11337662 44.94184113 908.61999512 -0.89999998 23.89999962 4.80000019
176.22999573 39.11341858 44.94205856 919.26000977 -1.20000005 23.79999924 4.80000019
176.36000061 39.11346054 44.94227219 929.75000000 -1.29999995 23.60000038 4.80000019
176.49000549 39.11350250 44.94248581 940.09997559 -1.20000005 23.39999962 4.69999981
176.64999390 39.11355209 44.94272995 951.76000977 -0.89999998 23.20000076 4.69999981
176.78999329 39.11358643 44.94290924 960.36999512 -0.60000002 23.00000000 4.69999981
176.91999817 39.11362839 44.94312286 970.29998779 -0.40000001 22.79999924 4.59999990
177.07000732 39.11367798 44.94335938 981.46997070 0.00000000 22.60000038 4.59999990
177.21000671 39.11371613 44.94356918 991.09002686 0.10000000 22.39999962 4.59999990
177.35000610 39.11375427 44.94374847 999.22998047 0.40000001 22.20000076 4.59999990
177.47999573 39.11379623 44.94395447 1008.59002686 0.40000001 22.10000038 4.50000000
177.64999390 39.11384964 44.94421768 1020.42999268 0.40000001 21.79999924 4.50000000
177.86999512 39.11390686 44.94451141 1033.31005859 0.60000002 21.39999962 4.50000000
178.03999329 39.11396027 44.94477081 1044.67004395 0.40000001 21.20000076 4.40000010
178.17999268 39.11399841 44.94497299 1053.34997559 0.60000002 21.10000038 4.40000010
178.33000183 39.11404419 44.94520187 1063.09997559 0.50000000 20.79999924 4.40000010
178.49000549 39.11408234 44.94540405 1071.48999023 0.20000000 20.60000038 4.40000010
178.66000366 39.11413193 44.94565964 1082.07995605 -0.30000001 20.29999924 4.30000019
178.82000732 39.11417389 44.94588470 1091.31005859 -0.80000001 20.10000038 4.30000019
178.97999573 39.11421967 44.94610977 1100.35998535 -1.10000002 19.89999962 4.30000019
179.14999390 39.11426163 44.94633484 1109.25000000 -1.50000000 19.60000038 4.30000019
179.30000305 39.11430359 44.94655609 1117.95996094 -1.89999998 19.29999924 4.30000019
179.44000244 39.11434174 44.94675064 1125.43994141 -1.79999995 19.10000038 4.19999981
179.58000183 39.11437607 44.94694138 1132.79003906 -1.39999998 18.89999962 4.19999981
179.72999573 39.11441803 44.94715881 1141.03002930 -1.00000000 18.60000038 4.19999981
179.88000488 39.11445618 44.94734955 1148.10998535 -0.60000002 18.39999962 4.19999981
180.02000427 39.11449432 44.94754028 1155.05004883 -0.30000001 18.10000038 4.19999981
180.16000366 39.11452866 44.94773102 1161.86999512 0.10000000 17.89999962 4.19999981
180.30000305 39.11456680 44.94791794 1168.56005859 0.50000000 17.70000076 4.19999981
180.44000244 39.11460114 44.94810486 1175.13000488 0.80000001 17.50000000 4.19999981
180.58000183 39.11463928 44.94828796 1181.56005859 0.69999999 17.20000076 4.09999990
180.74000549 39.11468124 44.94850159 1188.77001953 0.60000002 16.89999962 4.09999990
180.88000488 39.11471558 44.94868469 1194.93994141 0.60000002 16.70000076 4.09999990
181.00999451 39.11475372 44.94886780 1200.97998047 0.50000000 16.50000000 4.09999990
181.13999939 39.11478424 44.94902420 1206.06005859 0.50000000 16.29999924 4.09999990
181.27000427 39.11481857 44.94920731 1211.86999512 0.60000002 16.00000000 4.09999990
181.38999939 39.11484909 44.94935989 1216.75000000 0.50000000 15.80000019 4.09999990
181.52000427 39.11487961 44.94951248 1221.55004883 0.40000001 15.60000038 4.09999990
181.64999390 39.11491013 44.94966888 1226.25000000 0.60000002 15.30000019 4.09999990
181.80000305 39.11495209 44.94987106 1232.38000488 0.60000002 15.00000000 4.09999990
181.94000244 39.11498642 44.95005035 1237.60998535 0.69999999 14.80000019 4.00000000
182.05999756 39.11501694 44.95019913 1242.00000000 0.69999999 14.60000038 4.00000000
182.19000244 39.11504745 44.95034790 1246.30004883 0.69999999 14.39999962 4.00000000
182.30999756 39.11507797 44.95050049 1250.52001953 0.50000000 14.19999981 4.00000000
182.42999268 39.11510849 44.95064926 1254.64001465 0.50000000 13.89999962 4.00000000
182.55000305 39.11514282 44.95082092 1259.33996582 0.60000002 13.69999981 4.00000000
182.86999512 39.11522293 44.95121765 1269.63000488 0.60000002 13.10000038 4.00000000
183.02000427 39.11525726 44.95138550 1273.93994141 0.60000002 12.89999962 4.00000000
