162.86999512 39.24869156 45.05008316 1447.15002441 0.00000000 0.00000000 99.19999695
162.94000244 39.24892426 45.05003738 1446.48999023 0.00000000 0.00000000 99.19999695
163.10000610 39.24932861 45.04996490 1445.46997070 0.00000000 0.00000000 98.90000153
163.22000122 39.24973297 45.04989243 1444.61999512 0.00000000 -1.60000002 95.69999695
163.36000061 39.25008392 45.04983139 1444.04003906 0.00000000 -1.29999995 91.09999847
163.50000000 39.25049973 45.04979706 1442.88000488 0.00000000 -1.70000005 85.09999847
163.63999939 39.25091934 45.04980469 1441.90002441 0.00000000 -1.79999995 79.19999695
163.78999329 39.25142288 45.04985046 1441.04003906 0.00000000 -1.39999998 73.00000000
163.92999268 39.25190353 45.04992676 1440.96997070 0.00000000 -0.60000002 72.40000153
164.11999512 39.25258636 45.05003357 1442.80004883 0.00000000 1.39999998 71.90000153
164.27999878 39.25325394 45.05014038 1445.18005371 0.00000000 2.29999995 72.09999847
164.39999390 39.25388336 45.05024338 1447.72998047 0.00000000 2.70000005 72.40000153
164.52999878 39.25445938 45.05033493 1450.21997070 0.00000000 3.00000000 72.00000000
164.69000244 39.25527954 45.05046844 1454.13000488 0.00000000 3.29999995 71.90000153
164.80000305 39.25592804 45.05057907 1457.40002441 0.00000000 3.50000000 72.09999847
164.92999268 39.25660706 45.05069351 1461.31005859 -90.00000000 3.79999995 72.00000000
165.05999756 39.25732040 45.05081558 1465.58996582 -90.00000000 4.19999981 72.09999847
165.19000244 39.25819397 45.05096436 1470.72998047 -67.69999695 4.19999981 72.09999847
165.30999756 39.25897980 45.05109787 1475.14001465 -44.79999924 4.09999990 72.19999695
165.42999268 39.25979614 45.05123138 1479.56005859 -27.20000076 3.90000010 72.40000153
165.55000305 39.26064301 45.05137253 1483.98999023 -15.50000000 3.79999995 72.80000305
165.67999268 39.26168060 45.05153656 1489.07995605 -7.00000000 3.59999990 73.59999847
165.80999756 39.26260376 45.05167007 1493.39001465 -1.10000002 3.40000010 74.40000153
165.92999268 39.26356506 45.05180359 1497.68994141 2.29999995 3.29999995 75.30000305
166.07000732 39.26473236 45.05194473 1502.81994629 7.40000010 3.20000005 76.40000153
166.19000244 39.26576996 45.05205917 1507.46997070 12.50000000 3.20000005 77.40000153
166.36999512 39.26739120 45.05221176 1514.94995117 21.20000076 3.29999995 78.90000153
166.72000122 39.27087402 45.05245590 1531.43005371 39.29999924 3.40000010 81.19999695
166.86000061 39.27231598 45.05252838 1538.27001953 44.50000000 3.40000010 81.80000305
167.05999756 39.27423096 45.05261612 1547.26000977 48.59999847 3.40000010 82.09999847
167.21000671 39.27599716 45.05269241 1555.18994141 48.70000076 3.29999995 82.09999847
167.30999756 39.27713394 45.05274200 1560.10998535 47.09999847 3.20000005 82.19999695
167.46000671 39.27874756 45.05280685 1566.93994141 42.50000000 3.09999990 82.50000000
167.55999756 39.28013611 45.05286026 1572.69995117 38.79999924 3.00000000 82.69999695
167.72999573 39.28198242 45.05292130 1580.41003418 33.59999847 3.00000000 83.00000000
167.86000061 39.28337097 45.05296326 1586.34997559 28.29999924 3.09999990 83.19999695
168.02000427 39.28521729 45.05301666 1594.60998535 22.29999924 3.20000005 83.40000153
168.16000366 39.28683472 45.05306244 1602.21997070 17.89999962 3.29999995 83.59999847
168.27999878 39.28822327 45.05309296 1609.03002930 15.39999962 3.50000000 83.69999695
168.38999939 39.28960800 45.05312729 1616.11999512 13.60000038 3.59999990 83.90000153
168.52999878 39.29122543 45.05316162 1624.72998047 12.50000000 3.79999995 84.00000000
168.66999817 39.29284286 45.05319214 1633.73999023 11.19999981 4.00000000 84.19999695
168.78999329 39.29423141 45.05321503 1641.79003906 10.50000000 4.09999990 84.40000153
168.91000366 39.29561615 45.05323029 1650.14001465 10.30000019 4.30000019 84.59999847
169.02000427 39.29700470 45.05324554 1658.81005859 10.50000000 4.40000010 84.90000153
169.13999939 39.29838943 45.05325699 1667.81994629 10.50000000 4.59999990 85.09999847
169.25999451 39.29954529 45.05326462 1675.56994629 10.39999962 4.80000019 85.40000153
169.38999939 39.30116272 45.05326843 1686.82995605 10.69999981 5.00000000 85.69999695
169.53999329 39.30300903 45.05326080 1700.26000977 11.19999981 5.19999981 86.09999847
169.66000366 39.30416489 45.05325317 1708.94995117 11.60000038 5.40000010 86.40000153
169.77999878 39.30578232 45.05323410 1721.48999023 12.60000038 5.50000000 86.80000305
169.91000366 39.30716705 45.05321503 1732.55004883 13.50000000 5.69999981 87.09999847
170.03999329 39.30855179 45.05318451 1743.85998535 14.39999962 5.90000010 87.50000000
170.16999817 39.31016541 45.05314255 1757.29003906 15.50000000 6.00000000 87.90000153
170.30999756 39.31177902 45.05309296 1770.90002441 16.50000000 6.09999990 88.40000153
170.44999695 39.31339264 45.05303574 1784.58996582 17.60000038 6.09999990 88.90000153
170.61000061 39.31523895 45.05295563 1800.18994141 18.79999924 6.09999990 89.40000153
170.77999878 39.31731033 45.05285645 1817.52001953 20.10000038 6.09999990 90.00000000
170.92999268 39.31892395 45.05276489 1830.70996094 20.70000076 6.00000000 90.40000153
171.08000183 39.32053375 45.05266571 1843.56994629 21.20000076 5.80000019 90.90000153
171.22000122 39.32237625 45.05253983 1857.77001953 22.10000038 5.59999990 91.40000153
171.38000488 39.32421875 45.05240631 1871.34997559 22.60000038 5.40000010 91.90000153
171.53999329 39.32582855 45.05227661 1882.68005371 22.50000000 5.19999981 92.30000305
171.69999695 39.32766724 45.05212021 1894.92004395 22.79999924 4.90000010 92.80000305
171.86000061 39.32950592 45.05194855 1906.34997559 23.00000000 4.59999990 93.40000153
172.00999451 39.33134079 45.05176926 1916.92004395 23.29999924 4.30000019 93.90000153
172.16999817 39.33317566 45.05157471 1926.59997559 23.20000076 3.90000010 94.40000153
172.33000183 39.33501053 45.05137253 1935.34997559 23.29999924 3.59999990 94.90000153
172.44999695 39.33638382 45.05120850 1941.29003906 23.39999962 3.29999995 95.30000305
172.63999939 39.33867264 45.05092621 1949.96997070 23.70000076 2.79999995 95.90000153
172.82000732 39.34049988 45.05068588 1955.85998535 23.60000038 2.40000010 96.40000153
173.00000000 39.34255600 45.05040359 1961.36999512 24.00000000 2.00000000 97.00000000
173.16000366 39.34460831 45.05010605 1965.68005371 24.50000000 1.60000002 97.50000000
173.28999329 39.34597015 45.04990005 1967.89001465 24.20000076 1.29999995 97.90000153
173.44000244 39.34756088 45.04965210 1969.81005859 24.29999924 1.00000000 98.30000305
173.58000183 39.34937668 45.04935837 1971.14001465 24.60000038 0.69999999 98.80000305
173.72999573 39.35095978 45.04909134 1971.56005859 24.50000000 0.30000001 99.19999695
173.88000488 39.35254288 45.04882050 1971.31005859 24.29999924 0.00000000 99.59999847
174.02000427 39.35412216 45.04853821 1970.41003418 24.20000076 -0.30000001 99.90000153
174.16000366 39.35592651 45.04821396 1969.16003418 24.00000000 -0.50000000 99.90000153
174.32000732 39.35750580 45.04792786 1968.06994629 22.70000076 -0.50000000 99.90000153
174.53999329 39.35998535 45.04748154 1966.30004883 20.00000000 -0.50000000 100.00000000
174.69000244 39.36178589 45.04715347 1964.52001953 17.89999962 -0.60000002 100.40000153
174.83000183 39.36334229 45.04685593 1962.17004395 16.29999924 -0.89999998 101.00000000
174.97000122 39.36486816 45.04655457 1958.83996582 14.80000019 -1.29999995 101.69999695
175.10000610 39.36637115 45.04624176 1954.44995117 14.00000000 -1.79999995 102.30000305
175.22999573 39.36764526 45.04597092 1950.43005371 13.69999981 -2.09999990 102.30000305
175.36999512 39.36911392 45.04566193 1945.77001953 14.00000000 -2.20000005 102.30000305
175.50999451 39.37056732 45.04535294 1941.17004395 14.69999981 -2.20000005 102.30000305
175.66999817 39.37221527 45.04500198 1935.81994629 15.80000019 -2.20000005 102.59999847
175.78999329 39.37343216 45.04473877 1931.36999512 16.50000000 -2.40000010 103.09999847
175.89999390 39.37462997 45.04446411 1926.27001953 17.10000038 -2.70000005 103.80000305
176.08000183 39.37619781 45.04409027 1918.20996094 17.70000076 -3.29999995 105.00000000
176.22999573 39.37773132 45.04369736 1908.58996582 18.70000076 -4.00000000 106.19999695
176.36000061 39.37903976 45.04334259 1898.96997070 20.79999924 -4.69999981 107.09999847
176.49000549 39.38013840 45.04303360 1889.93994141 23.00000000 -5.19999981 107.90000153
176.64999390 39.38158035 45.04260635 1877.00000000 26.89999962 -5.80000019 108.80000305
176.78999329 39.38282013 45.04222870 1865.26000977 30.60000038 -6.19999981 108.90000153
176.91999817 39.38405228 45.04185486 1853.58996582 33.40000153 -6.30000019 108.90000153
177.07000732 39.38526917 45.04148483 1841.94995117 35.20000076 -6.30000019 109.00000000
177.21000671 39.38647842 45.04111481 1830.29003906 35.59999847 -6.40000010 109.30000305
177.35000610 39.38767242 45.04074097 1818.56005859 34.29999924 -6.50000000 109.50000000
177.47999573 39.38885117 45.04037094 1806.70996094 31.89999962 -6.59999990 109.90000153
177.64999390 39.39018250 45.03993988 1793.03002930 27.00000000 -6.69999981 110.40000153
177.86999512 39.39198303 45.03934479 1774.06994629 20.39999962 -6.90000010 111.09999847
178.03999329 39.39327240 45.03890610 1760.29003906 17.60000038 -7.00000000 111.59999847
178.17999268 39.39453888 45.03846359 1746.65002441 16.60000038 -7.00000000 112.09999847
178.33000183 39.39563370 45.03807449 1734.86999512 16.10000038 -7.00000000 112.50000000
178.49000549 39.39686966 45.03762817 1721.60998535 16.89999962 -6.90000010 113.00000000
178.66000366 39.39823151 45.03712463 1706.95996094 18.39999962 -6.90000010 113.40000153
178.82000732 39.39942932 45.03667450 1694.13000488 19.39999962 -6.90000010 113.80000305
178.97999573 39.40045929 45.03628159 1683.03002930 19.89999962 -6.90000010 114.09999847
179.14999390 39.40176773 45.03577805 1668.86999512 20.00000000 -6.90000010 114.50000000
179.30000305 39.40277481 45.03538513 1657.91003418 19.39999962 -6.90000010 114.80000305
179.44000244 39.40377045 45.03498840 1646.97998047 18.50000000 -6.90000010 115.00000000
179.58000183 39.40475464 45.03459549 1636.07995605 17.60000038 -7.00000000 115.30000305
179.72999573 39.40586472 45.03414536 1623.63000488 16.79999924 -7.00000000 115.50000000
179.88000488 39.40682983 45.03375244 1612.77001953 15.69999981 -7.09999990 115.69999695
180.02000427 39.40777969 45.03335953 1601.93994141 14.89999962 -7.09999990 115.90000153
180.16000366 39.40872192 45.03297043 1591.15002441 13.89999962 -7.09999990 116.09999847
180.30000305 39.40965652 45.03257751 1580.40002441 13.19999981 -7.19999981 116.30000305
180.44000244 39.41071320 45.03213501 1568.18994141 12.50000000 -7.19999981 116.50000000
180.58000183 39.41149902 45.03180313 1559.06994629 11.80000019 -7.19999981 116.59999847
180.74000549 39.41253662 45.03136063 1546.97998047 10.80000019 -7.19999981 116.80000305
180.88000488 39.41356277 45.03092194 1534.97998047 10.30000019 -7.19999981 116.90000153
181.00999451 39.41432571 45.03059387 1526.02001953 9.69999981 -7.30000019 117.00000000
181.13999939 39.41508102 45.03026581 1517.11999512 9.10000038 -7.30000019 117.19999695
181.27000427 39.41595840 45.02988434 1506.78002930 8.60000038 -7.30000019 117.30000305
181.38999939 39.41670227 45.02956009 1497.96997070 8.30000019 -7.30000019 117.50000000
181.52000427 39.41743851 45.02923584 1489.18994141 7.80000019 -7.30000019 117.59999847
181.64999390 39.41828918 45.02885818 1479.02001953 7.59999990 -7.30000019 117.80000305
181.80000305 39.41913605 45.02848053 1468.89001465 7.30000019 -7.30000019 117.90000153
181.94000244 39.41997528 45.02810669 1458.81005859 7.30000019 -7.40000010 118.09999847
182.05999756 39.42080307 45.02773285 1448.79003906 7.50000000 -7.40000010 118.30000305
182.19000244 39.42150879 45.02741241 1440.21997070 7.59999990 -7.40000010 118.40000153
182.30999756 39.42220688 45.02709198 1431.66003418 7.69999981 -7.40000010 118.59999847
182.42999268 39.42290115 45.02677155 1423.07995605 7.69999981 -7.50000000 118.69999695
182.55000305 39.42358780 45.02645493 1414.45996094 7.80000019 -7.50000000 118.80000305
182.86999512 39.42539597 45.02561569 1391.08996582 7.90000010 -7.80000019 119.09999847
183.02000427 39.42628860 45.02519989 1379.14001465 7.80000019 -8.00000000 119.19999695
183.19000244 39.42716980 45.02478409 1366.94995117 7.40000010 -8.19999981 119.30000305
183.32000732 39.42782593 45.02447510 1357.61999512 7.00000000 -8.39999962 119.30000305
183.42999268 39.42847824 45.02416992 1348.08996582 6.59999990 -8.69999981 119.30000305
183.55000305 39.42912292 45.02386475 1338.34997559 6.09999990 -8.89999962 119.19999695
183.67999268 39.42976761 45.02356339 1328.33996582 5.19999981 -9.19999981 119.09999847
183.80000305 39.43040466 45.02326202 1318.00000000 4.40000010 -9.60000038 119.00000000
183.92999268 39.43114471 45.02291870 1305.40002441 3.50000000 -10.00000000 118.90000153
184.03999329 39.43177032 45.02262878 1294.04003906 2.40000010 -10.50000000 118.69999695
184.16000366 39.43239212 45.02234650 1282.05004883 1.29999995 -11.19999981 118.50000000
184.27999878 39.43300629 45.02206421 1269.32995605 0.10000000 -12.00000000 118.30000305
184.38999939 39.43351364 45.02183533 1258.08996582 -1.10000002 -12.80000019 118.09999847
184.50999451 39.43411636 45.02156448 1243.75000000 -2.40000010 -13.80000019 117.80000305
184.64999390 39.43480682 45.02125931 1225.69995117 -4.00000000 -15.10000038 117.40000153
184.75999451 39.43539047 45.02100372 1208.95996094 -5.30000019 -16.39999962 116.90000153
184.88999939 39.43596649 45.02075958 1190.89001465 -6.80000019 -18.00000000 116.30000305
185.00000000 39.43643188 45.02056503 1174.63000488 -8.10000038 -19.70000076 115.80000305
