244.35000610 38.97470856 44.76773834 285.16000366 0.00000000 0.00000000 52.79999924
244.41000366 38.97486115 44.76779556 285.39001465 0.00000000 0.00000000 52.79999924
244.53999329 38.97509003 44.76788330 285.76000977 0.00000000 0.00000000 52.79999924
244.69000244 38.97539902 44.76800537 286.29000854 0.00000000 1.10000002 52.90000153
244.88999939 38.97573853 44.76814270 286.88000488 0.00000000 1.10000002 52.79999924
245.02000427 38.97599792 44.76825714 286.57000732 0.00000000 0.10000000 52.79999924
245.14999390 38.97626114 44.76836777 285.54998779 0.00000000 -1.60000002 52.79999924
245.28999329 38.97652054 44.76848602 284.13000488 0.00000000 -2.90000010 52.79999924
245.41000366 38.97682190 44.76861954 282.63000488 0.00000000 -3.20000005 52.79999924
245.53999329 38.97723007 44.76880264 280.73001099 0.00000000 -2.90000010 52.79999924
245.67999268 38.97769547 44.76902008 278.73001099 0.00000000 -2.70000005 52.79999924
245.80999756 38.97814560 44.76922226 277.32998657 0.00000000 -2.20000005 52.79999924
245.92999268 38.97872543 44.76948929 276.60998535 0.00000000 -1.29999995 52.79999924
246.05000305 38.97917557 44.76969910 276.89999390 0.00000000 -0.30000001 52.79999924
246.16999817 38.97985458 44.77001190 278.66000366 0.00000000 1.00000000 52.90000153
246.28999329 38.98038101 44.77024841 281.02999878 0.00000000 2.00000000 53.00000000
246.41000366 38.98105240 44.77055740 285.10998535 -17.10000038 3.20000005 53.20000076
246.52999878 38.98176956 44.77087784 290.50000000 -12.39999962 4.09999990 53.59999847
246.66999817 38.98279190 44.77133560 299.04998779 -6.69999981 4.90000010 53.70000076
246.78999329 38.98361206 44.77169800 305.95001221 -3.29999995 5.09999990 53.70000076
246.92999268 38.98447800 44.77208328 313.26998901 0.20000000 5.19999981 53.79999924
247.05999756 38.98554230 44.77255249 322.39001465 2.79999995 5.19999981 54.00000000
247.19999695 38.98667526 44.77304840 332.20001221 4.80000019 5.30000019 54.20000076
247.33999634 38.98786926 44.77356339 342.76998901 6.40000010 5.40000010 54.59999847
247.49000549 38.98912811 44.77410126 354.14001465 7.90000010 5.50000000 55.00000000
247.63999939 38.99063492 44.77473068 367.98001099 9.00000000 5.69999981 55.50000000
247.77999878 38.99196625 44.77527618 380.41000366 10.19999981 5.80000019 56.00000000
247.91999817 38.99330521 44.77581406 393.07998657 11.60000038 5.90000010 56.50000000
248.05999756 38.99464798 44.77634430 405.97000122 13.19999981 6.00000000 57.00000000
248.22000122 38.99619293 44.77693939 420.92999268 15.30000019 6.09999990 57.59999847
248.36000061 38.99754715 44.77745056 434.16000366 17.10000038 6.19999981 58.09999847
248.50000000 38.99891281 44.77795410 447.42999268 18.79999924 6.19999981 58.59999847
248.66000366 39.00047684 44.77851868 462.51998901 20.70000076 6.19999981 59.09999847
248.80000305 39.00185394 44.77900314 475.54998779 22.10000038 6.19999981 59.59999847
248.92999268 39.00304413 44.77941132 486.47000122 23.20000076 6.09999990 60.09999847
249.05999756 39.00443268 44.77988434 498.77999878 24.00000000 5.90000010 60.59999847
249.19000244 39.00562668 44.78028107 508.86999512 24.29999924 5.69999981 61.00000000
249.32000732 39.00703049 44.78073502 519.95001221 24.79999924 5.30000019 61.40000153
249.44999695 39.00823593 44.78112030 528.70001221 25.00000000 5.00000000 61.79999924
249.58000183 39.00964737 44.78156281 537.85998535 25.10000038 4.50000000 62.20000076
249.71000671 39.01106644 44.78199768 545.71002197 25.20000076 4.00000000 62.59999847
249.91000366 39.01289749 44.78254700 553.42999268 24.70000076 3.00000000 63.09999847
250.05000305 39.01453400 44.78302383 557.45001221 24.89999962 2.09999990 63.70000076
