208.05000305 39.07603836 44.79896545 579.40997314 0.00000000 0.00000000 51.90000153
208.11999512 39.07621765 44.79905701 580.34997559 0.00000000 0.00000000 51.90000153
208.25000000 39.07668686 44.79930496 582.52001953 0.00000000 0.00000000 52.00000000
208.36000061 39.07706451 44.79950714 583.98999023 0.00000000 2.50000000 52.00000000
208.50000000 39.07764435 44.79982758 585.82000732 0.00000000 2.00000000 51.29999924
208.60000610 39.07810211 44.80008698 586.89001465 0.00000000 1.60000002 47.40000153
208.72000122 39.07867813 44.80043411 587.61999512 0.00000000 1.10000002 41.40000153
208.82000732 39.07915497 44.80077744 587.80999756 0.00000000 0.60000002 36.70000076
208.94999695 39.07979965 44.80134964 587.41998291 0.00000000 0.00000000 30.70000076
209.08999634 39.08032608 44.80191422 586.50000000 0.00000000 -0.50000000 25.89999962
209.19999695 39.08081436 44.80254745 585.05999756 0.00000000 -0.89999998 21.39999962
209.33999634 39.08132553 44.80336761 582.80999756 0.00000000 -1.20000005 16.39999962
209.47999573 39.08173752 44.80422211 580.11999512 0.00000000 -1.39999998 11.50000000
209.58999634 39.08200455 44.80496979 577.60998535 0.00000000 -1.60000002 7.30000019
209.69999695 39.08217239 44.80560303 575.41998291 0.00000000 -1.70000005 3.79999995
209.80000305 39.08228302 44.80624390 573.19000244 0.00000000 -1.70000005 0.69999999
209.89999390 39.08235168 44.80688477 571.03002930 0.00000000 -1.79999995 0.00000000
210.00999451 39.08241272 44.80752945 568.94000244 0.00000000 -1.70000005 359.50000000
210.11000061 39.08247375 44.80817413 566.94000244 -90.00000000 -1.60000002 359.89999390
210.21000671 39.08255005 44.80894470 564.52001953 -90.00000000 -1.60000002 359.89999390
210.30999756 39.08261871 44.80958557 562.52001953 -90.00000000 -1.60000002 359.89999390
210.41999817 39.08268356 44.81023026 560.53997803 -90.00000000 -1.60000002 359.89999390
210.52000427 39.08275223 44.81087494 558.59002686 -90.00000000 -1.60000002 0.00000000
210.64999390 39.08283234 44.81164551 556.32000732 -90.00000000 -1.50000000 0.20000000
210.75000000 39.08290482 44.81228638 554.51000977 -90.00000000 -1.50000000 0.40000001
210.85000610 39.08299637 44.81305695 552.45001221 -90.00000000 -1.39999998 0.69999999
210.96000671 39.08307266 44.81370163 550.84997559 -90.00000000 -1.29999995 1.00000000
211.05999756 39.08315659 44.81434250 549.35998535 -79.30000305 -1.29999995 1.29999995
211.17999268 39.08326721 44.81511307 547.72998047 -53.40000153 -1.10000002 1.70000005
211.28999329 39.08338165 44.81587982 546.29998779 -33.79999924 -1.00000000 2.20000005
211.41999817 39.08350754 44.81665039 545.05999756 -15.00000000 -0.89999998 2.59999990
211.53999329 39.08364105 44.81741714 544.01000977 -0.60000002 -0.80000001 3.09999990
211.64999390 39.08378220 44.81818390 543.15002441 9.19999981 -0.60000002 3.50000000
211.75999451 39.08390808 44.81882477 542.59997559 15.30000019 -0.50000000 3.90000010
211.88000488 39.08406830 44.81958771 542.13000488 19.20000076 -0.40000001 4.30000019
212.00000000 39.08423233 44.82035446 541.83001709 21.60000038 -0.30000001 4.69999981
212.11999512 39.08440781 44.82111740 541.71002197 23.60000038 -0.10000000 5.09999990
212.24000549 39.08458710 44.82188034 541.72998047 25.50000000 0.00000000 5.50000000
212.50999451 39.08503723 44.82365799 542.32000732 28.00000000 0.20000000 6.30000019
212.64999390 39.08527374 44.82454300 542.91998291 28.50000000 0.30000001 6.69999981
212.75000000 39.08544922 44.82517624 543.50000000 28.39999962 0.40000001 7.00000000
212.86000061 39.08562851 44.82580948 544.21002197 27.50000000 0.50000000 7.30000019
213.00000000 39.08588791 44.82669449 545.47998047 26.89999962 0.69999999 7.69999981
213.13999939 39.08615494 44.82756805 547.09997559 25.89999962 0.80000001 8.10000038
213.27000427 39.08642197 44.82842255 549.09002686 24.79999924 1.10000002 8.60000038
213.41000366 39.08665466 44.82912827 551.11999512 23.79999924 1.29999995 9.00000000
213.53999329 39.08692551 44.82992935 553.92999268 23.79999924 1.60000002 9.60000038
213.67999268 39.08720398 44.83070755 557.33001709 23.50000000 2.00000000 10.30000019
213.82000732 39.08748245 44.83145905 561.41998291 23.89999962 2.50000000 11.00000000
213.96000671 39.08777237 44.83218765 566.38000488 24.79999924 3.09999990 12.00000000
214.10000610 39.08807373 44.83289337 572.47998047 26.50000000 3.90000010 13.39999962
