176.91999817 39.12365723 44.93010330 184.47000122 0.00000000 0.00000000 132.39999390
177.07000732 39.12394333 44.92988586 180.21000671 0.00000000 0.00000000 132.39999390
177.21000671 39.12425995 44.92964935 176.25999451 0.00000000 -6.69999981 132.39999390
177.35000610 39.12458038 44.92940903 172.69000244 0.00000000 -5.80000019 132.39999390
177.47999573 39.12500763 44.92908859 167.10000610 0.00000000 -6.09999990 132.39999390
177.64999390 39.12564468 44.92861176 154.71000671 0.00000000 -8.69999981 132.39999390
177.86999512 39.12647247 44.92799377 138.72999573 0.00000000 -9.60000038 132.39999390
178.03999329 39.12731934 44.92736053 122.37000275 0.00000000 -9.60000038 132.39999390
178.17999268 39.12804794 44.92681503 108.31999969 0.00000000 -9.50000000 132.39999390
178.33000183 39.12895584 44.92613983 90.90000153 0.00000000 -9.50000000 132.39999390
178.49000549 39.12980652 44.92549896 74.55000305 0.00000000 -9.50000000 132.39999390
178.66000366 39.13091660 44.92467499 53.36000061 0.00000000 -9.50000000 132.39999390
178.82000732 39.13190079 44.92393875 34.56000137 0.00000000 -9.50000000 132.30000305
