329.98001099 39.09000397 44.82138824 411.67999268 0.00000000 0.00000000 18.50000000
330.04998779 39.09007263 44.82152176 411.07000732 0.00000000 0.00000000 18.50000000
330.16000366 39.09016037 44.82169342 410.39999390 0.00000000 0.00000000 18.50000000
330.26000977 39.09025192 44.82186127 409.82998657 0.00000000 -1.79999995 19.10000038
330.39001465 39.09036255 44.82206345 409.29998779 0.00000000 -1.50000000 20.79999924
330.51998901 39.09049606 44.82229614 409.00000000 0.00000000 -0.89999998 23.50000000
330.67999268 39.09068680 44.82255173 408.98001099 0.00000000 -0.30000001 27.00000000
330.77999878 39.09082031 44.82270813 408.85998535 0.00000000 -0.20000000 29.10000038
330.88000488 39.09097672 44.82287598 408.76998901 0.00000000 -0.20000000 30.89999962
330.98001099 39.09116364 44.82306671 408.73999023 0.00000000 -0.20000000 30.89999962
331.08999634 39.09141159 44.82331848 408.95001221 0.00000000 0.10000000 30.89999962
331.22000122 39.09169388 44.82360458 409.48001099 0.00000000 0.60000002 30.89999962
331.33999634 39.09200287 44.82392120 410.45001221 0.00000000 1.10000002 30.89999962
331.45999146 39.09234619 44.82426453 412.02999878 0.00000000 1.60000002 30.79999924
331.57998657 39.09272003 44.82464218 414.30999756 0.00000000 2.20000005 30.60000038
331.70001221 39.09312057 44.82505035 417.27999878 0.00000000 2.79999995 30.39999962
331.79998779 39.09347534 44.82541275 420.19000244 0.00000000 3.09999990 30.29999924
331.91000366 39.09384537 44.82579803 423.20999146 0.00000000 3.29999995 30.10000038
332.01998901 39.09431839 44.82628632 426.91000366 60.50000000 3.29999995 29.79999924
332.14999390 39.09481812 44.82681274 430.73001099 43.09999847 3.20000005 29.50000000
332.26998901 39.09534073 44.82736588 434.70001221 28.20000076 3.09999990 29.20000076
332.38000488 39.09589005 44.82795715 438.92001343 15.69999981 3.09999990 28.79999924
332.48001099 39.09636307 44.82847595 442.67001343 5.19999981 3.09999990 28.50000000
332.57998657 39.09685135 44.82901764 446.73001099 -2.29999995 3.20000005 28.20000076
332.69000244 39.09735870 44.82958221 451.16000366 -8.10000038 3.29999995 27.89999962
332.80999756 39.09798431 44.83029175 457.05999756 -12.00000000 3.50000000 27.60000038
332.92999268 39.09874725 44.83116150 464.85998535 -14.69999981 3.79999995 27.29999924
333.04998779 39.09931183 44.83181000 471.10998535 -16.00000000 4.00000000 27.20000076
333.17001343 39.09999847 44.83260727 479.11999512 -17.10000038 4.30000019 27.20000076
333.29000854 39.10069275 44.83340454 487.17001343 -17.39999962 4.40000010 27.29999924
333.41000366 39.10138702 44.83420181 495.26998901 -17.00000000 4.40000010 27.29999924
333.52999878 39.10207748 44.83499908 503.48999023 -15.89999962 4.50000000 27.50000000
333.63000488 39.10277939 44.83579636 511.88000488 -14.39999962 4.50000000 27.70000076
333.75000000 39.10348129 44.83658600 520.50000000 -12.10000038 4.59999990 28.00000000
333.88000488 39.10419083 44.83737946 529.34997559 -9.00000000 4.80000019 28.39999962
333.98001099 39.10478973 44.83803177 536.90997314 -6.19999981 4.90000010 28.79999924
334.10000610 39.10551453 44.83881378 546.14001465 -2.59999990 5.00000000 29.29999924
334.20999146 39.10612869 44.83946228 553.90997314 0.89999998 5.09999990 29.70000076
334.30999756 39.10687256 44.84023666 563.20001221 4.40000010 5.09999990 30.29999924
334.42001343 39.10750198 44.84087753 570.82000732 8.00000000 5.09999990 30.79999924
334.54000854 39.10826874 44.84164429 579.67999268 12.10000038 4.90000010 31.39999962
334.66000366 39.10904694 44.84240341 588.05999756 16.10000038 4.69999981 32.00000000
