170.44999695 39.18799973 45.05097580 39.95999908 0.00000000 0.00000000 130.60000610
170.61000061 39.18802643 45.05095673 40.68999863 0.00000000 0.00000000 130.39999390
170.77999878 39.18808746 45.05091476 42.18999863 0.00000000 13.00000000 130.30000305
170.92999268 39.18816376 45.05086136 44.06000137 0.00000000 12.39999962 130.19999695
171.08000183 39.18828583 45.05077744 46.74000168 0.00000000 11.69999981 130.00000000
171.22000122 39.18841934 45.05068970 49.50999832 0.00000000 11.10000038 128.19999695
171.38000488 39.18861008 45.05057144 53.16999817 0.00000000 10.60000038 122.69999695
171.53999329 39.18885803 45.05045319 57.22999954 0.00000000 10.00000000 115.50000000
171.69999695 39.18916321 45.05034256 61.54999924 0.00000000 9.30000019 108.19999695
171.86000061 39.18952942 45.05025101 66.05999756 0.00000000 8.60000038 103.09999847
172.00999451 39.18994522 45.05015564 71.09999847 0.00000000 8.39999962 103.30000305
172.16999817 39.19040680 45.05005264 76.72000122 0.00000000 8.39999962 102.80000305
172.33000183 39.19084167 45.04995728 81.91999817 0.00000000 8.30000019 103.19999695
172.44999695 39.19131470 45.04985046 87.55999756 -90.00000000 8.19999981 103.19999695
172.63999939 39.19196701 45.04970551 94.94999695 -90.00000000 7.90000010 103.19999695
172.82000732 39.19267654 45.04954910 102.26000214 -90.00000000 7.30000019 103.19999695
173.00000000 39.19344330 45.04937744 109.65000153 -77.09999847 6.80000019 103.09999847
173.16000366 39.19416809 45.04921722 116.48999786 -52.50000000 6.59999990 103.09999847
173.28999329 39.19474411 45.04909134 121.91000366 -35.59999847 6.50000000 103.00000000
173.44000244 39.19554520 45.04891586 129.66000366 -19.10000038 6.59999990 103.00000000
173.58000183 39.19628525 45.04875565 137.02999878 -9.10000038 6.80000019 102.90000153
173.72999573 39.19716644 45.04856110 146.19999695 -3.20000005 7.09999990 102.80000305
173.88000488 39.19797897 45.04838562 154.89999390 -1.70000005 7.30000019 102.80000305
174.02000427 39.19882202 45.04820251 164.21000671 -1.89999998 7.59999990 102.69999695
174.16000366 39.19969559 45.04801178 174.08999634 -2.00000000 7.69999981 103.00000000
174.32000732 39.20073318 45.04778290 185.85000610 -1.70000005 7.80000019 103.50000000
174.53999329 39.20220947 45.04744339 202.41000366 0.20000000 7.69999981 104.19999695
174.69000244 39.20328903 45.04718781 214.44000244 2.09999990 7.69999981 104.50000000
174.83000183 39.20423126 45.04695892 225.03999329 3.90000010 7.69999981 104.50000000
174.97000122 39.20516968 45.04673386 235.72000122 5.90000010 7.80000019 104.50000000
175.10000610 39.20597839 45.04653931 244.89999390 7.59999990 7.80000019 104.50000000
175.22999573 39.20678711 45.04634476 254.10000610 8.89999962 7.80000019 104.50000000
175.36999512 39.20786285 45.04608917 266.38000488 9.50000000 7.80000019 104.40000153
175.50999451 39.20867157 45.04589462 275.57998657 9.10000038 7.80000019 104.40000153
175.66999817 39.20974731 45.04563904 287.85000610 7.59999990 7.80000019 104.30000305
175.78999329 39.21068954 45.04541779 298.58999634 6.09999990 7.80000019 104.30000305
175.89999390 39.21136475 45.04525757 306.26998901 4.80000019 7.80000019 104.19999695
176.08000183 39.21257401 45.04497147 320.14001465 2.50000000 7.90000010 104.19999695
176.22999573 39.21351624 45.04474640 331.00000000 0.60000002 7.90000010 104.09999847
176.36000061 39.21445847 45.04452515 341.98999023 -0.69999999 8.00000000 104.09999847
176.49000549 39.21540070 45.04430389 353.17999268 -1.20000005 8.10000038 104.19999695
176.64999390 39.21648026 45.04405212 366.32000732 -1.70000005 8.30000019 104.30000305
176.78999329 39.21728516 45.04385757 376.51000977 -1.50000000 8.50000000 104.40000153
176.91999817 39.21822739 45.04363251 388.82000732 -1.00000000 8.80000019 104.59999847
177.07000732 39.21929550 45.04337311 403.52999878 -0.20000000 9.19999981 104.90000153
177.21000671 39.22023010 45.04314041 417.01998901 0.80000001 9.60000038 105.19999695
177.35000610 39.22103119 45.04294205 429.08999634 2.00000000 10.10000038 105.40000153
177.47999573 39.22196198 45.04270554 443.76998901 3.40000010 10.50000000 105.80000305
177.64999390 39.22314835 45.04239273 463.57998657 5.69999981 11.10000038 106.30000305
177.86999512 39.22446442 45.04203796 486.82000732 8.19999981 11.80000019 107.00000000
178.03999329 39.22563934 45.04170990 508.79998779 10.69999981 12.30000019 107.59999847
178.17999268 39.22654724 45.04145050 526.53002930 12.50000000 12.69999981 108.19999695
178.33000183 39.22758102 45.04114532 547.41998291 14.30000019 13.19999981 108.80000305
178.49000549 39.22847748 45.04087448 566.15002441 15.80000019 13.50000000 109.30000305
178.66000366 39.22962570 45.04051590 590.71002197 17.60000038 13.89999962 110.09999847
178.82000732 39.23064041 45.04018402 612.84002686 18.89999962 14.10000038 110.80000305
178.97999573 39.23165131 45.03984833 635.05999756 20.00000000 14.19999981 111.19999695
179.14999390 39.23265839 45.03950882 656.90002441 20.50000000 14.00000000 111.19999695
179.30000305 39.23366928 45.03916931 678.28997803 20.50000000 13.80000019 111.09999847
179.44000244 39.23455429 45.03887177 696.60998535 19.60000038 13.50000000 111.30000305
179.58000183 39.23543930 45.03857040 714.48999023 18.29999924 13.19999981 111.90000153
179.72999573 39.23644638 45.03821564 734.47998047 17.29999924 12.80000019 112.90000153
179.88000488 39.23731995 45.03789139 751.69000244 16.20000076 12.60000038 114.09999847
180.02000427 39.23818207 45.03755569 768.73999023 15.89999962 12.50000000 115.50000000
180.16000366 39.23903275 45.03720474 785.73999023 17.00000000 12.39999962 116.80000305
180.30000305 39.23987198 45.03684235 802.79998779 19.70000076 12.39999962 118.09999847
180.44000244 39.24069977 45.03646469 819.85998535 24.00000000 12.39999962 119.30000305
180.58000183 39.24151611 45.03607559 836.88000488 29.29999924 12.39999962 120.40000153
180.74000549 39.24243927 45.03561783 856.27001953 35.40000153 12.30000019 121.40000153
180.88000488 39.24323654 45.03520966 873.14001465 40.20000076 12.30000019 122.19999695
181.00999451 39.24403000 45.03479385 889.90997314 43.79999924 12.19999981 122.80000305
181.13999939 39.24470139 45.03443146 904.21002197 45.70000076 12.19999981 123.40000153
181.27000427 39.24548340 45.03400040 920.78997803 46.40000153 12.10000038 123.90000153
181.38999939 39.24614716 45.03363037 934.91998291 45.50000000 12.00000000 124.40000153
181.52000427 39.24680710 45.03325653 948.96997070 43.40000153 11.89999962 124.90000153
181.64999390 39.24746323 45.03287506 962.95001221 40.29999924 11.89999962 125.30000305
181.80000305 39.24832916 45.03236389 981.46997070 36.90000153 11.80000019 126.00000000
181.94000244 39.24908447 45.03190994 997.53997803 33.70000076 11.69999981 126.59999847
182.05999756 39.24972153 45.03151703 1011.21002197 31.29999924 11.60000038 127.19999695
182.19000244 39.25035858 45.03111649 1024.72998047 29.00000000 11.50000000 127.80000305
182.30999756 39.25098801 45.03071594 1038.09997559 27.60000038 11.39999962 128.30000305
182.42999268 39.25160980 45.03030396 1051.26000977 26.79999924 11.19999981 128.89999390
182.55000305 39.25233459 45.02982330 1066.30004883 26.79999924 11.00000000 129.60000610
182.86999512 39.25395584 45.02869797 1099.07995605 27.29999924 10.39999962 130.89999390
183.02000427 39.25465393 45.02819824 1112.59997559 27.50000000 10.00000000 131.39999390
183.19000244 39.25554657 45.02754211 1129.11999512 28.50000000 9.39999962 132.10000610
183.32000732 39.25613785 45.02710342 1139.56994629 28.29999924 9.10000038 132.39999390
183.42999268 39.25672531 45.02666473 1149.54003906 28.39999962 8.60000038 132.80000305
183.55000305 39.25730896 45.02621841 1159.03002930 28.10000038 8.19999981 133.19999695
183.67999268 39.25788879 45.02576828 1168.01000977 26.79999924 7.80000019 133.50000000
183.80000305 39.25846863 45.02531815 1176.46997070 26.00000000 7.30000019 133.80000305
183.92999268 39.25904083 45.02486420 1184.40002441 25.39999962 6.90000010 134.10000610
184.03999329 39.25961304 45.02440643 1191.80004883 24.60000038 6.50000000 134.30000305
184.16000366 39.26018524 45.02394867 1198.64001465 23.60000038 6.00000000 134.60000610
184.27999878 39.26074982 45.02349091 1204.92004395 22.60000038 5.50000000 134.89999390
184.38999939 39.26131439 45.02302551 1210.64001465 21.79999924 5.09999990 135.10000610
184.50999451 39.26178741 45.02264023 1214.97998047 20.39999962 4.69999981 135.30000305
184.64999390 39.26243973 45.02209473 1220.35998535 19.60000038 4.09999990 135.50000000
184.75999451 39.26299667 45.02162552 1224.36999512 18.79999924 3.59999990 135.69999695
184.88999939 39.26355362 45.02115631 1227.80004883 17.60000038 3.20000005 135.89999390
185.00000000 39.26411057 45.02068710 1230.66003418 17.00000000 2.70000005 136.10000610
185.13000488 39.26475525 45.02013397 1233.31005859 16.29999924 2.20000005 136.30000305
185.24000549 39.26521301 45.01974106 1234.72998047 15.50000000 1.70000005 136.39999390
185.35000610 39.26576233 45.01926422 1235.94995117 14.89999962 1.29999995 136.50000000
185.49000549 39.26631165 45.01878738 1236.64001465 14.10000038 0.80000001 136.60000610
185.66999817 39.26721954 45.01799393 1236.65002441 13.10000038 0.10000000 136.80000305
185.77999878 39.26767349 45.01759720 1236.14001465 12.50000000 -0.20000000 136.89999390
185.88000488 39.26812744 45.01719666 1235.29003906 12.00000000 -0.60000002 137.00000000
185.99000549 39.26857758 45.01679993 1234.13000488 11.39999962 -0.89999998 137.10000610
186.08999634 39.26911926 45.01631927 1232.31994629 10.69999981 -1.29999995 137.19999695
186.21000671 39.26966095 45.01583862 1230.07995605 10.10000038 -1.60000002 137.30000305
186.39999390 39.27046585 45.01511765 1225.95996094 8.89999962 -2.20000005 137.50000000
186.52000427 39.27100372 45.01463699 1222.76000977 8.30000019 -2.50000000 137.60000610
186.64999390 39.27153778 45.01415253 1219.27001953 7.90000010 -2.79999995 137.80000305
186.75999451 39.27206802 45.01367188 1215.57995605 7.69999981 -3.00000000 138.00000000
186.88000488 39.27259827 45.01318359 1211.81005859 7.69999981 -3.09999990 138.19999695
186.99000549 39.27303696 45.01277924 1208.69995117 7.59999990 -3.09999990 138.39999390
187.10000610 39.27356339 45.01229095 1205.02001953 8.00000000 -3.09999990 138.60000610
187.22000122 39.27408600 45.01180649 1201.42004395 8.19999981 -3.09999990 138.69999695
187.33000183 39.27460480 45.01131439 1197.89001465 8.60000038 -3.00000000 138.89999390
187.44999695 39.27503967 45.01090622 1195.01000977 9.10000038 -2.90000010 139.00000000
187.55999756 39.27555466 45.01041412 1191.63000488 9.60000038 -2.90000010 139.19999695
187.66999817 39.27606964 45.00992203 1188.31994629 10.10000038 -2.79999995 139.30000305
187.77999878 39.27649689 45.00951385 1185.60998535 10.39999962 -2.79999995 139.50000000
187.91000366 39.27700806 45.00901794 1182.42004395 10.60000038 -2.70000005 139.60000610
188.02000427 39.27751923 45.00852203 1179.27001953 10.89999962 -2.70000005 139.80000305
188.13000488 39.27802658 45.00802612 1176.17004395 10.80000019 -2.59999990 140.00000000
188.24000549 39.27844620 45.00761032 1173.59997559 10.80000019 -2.59999990 140.10000610
188.35000610 39.27894974 45.00711441 1170.54003906 10.89999962 -2.59999990 140.30000305
188.47000122 39.27936935 45.00669861 1168.00000000 10.80000019 -2.59999990 140.39999390
188.58000183 39.27986908 45.00619507 1164.94995117 10.69999981 -2.59999990 140.50000000
188.72000122 39.28044891 45.00561142 1161.42004395 10.50000000 -2.59999990 140.69999695
188.83000183 39.28094864 45.00511169 1158.40002441 10.50000000 -2.50000000 140.69999695
188.94999695 39.28136063 45.00469208 1155.90002441 10.10000038 -2.50000000 140.69999695
189.05999756 39.28185654 45.00419235 1152.89001465 9.69999981 -2.50000000 140.69999695
189.17999268 39.28235245 45.00368881 1149.90002441 9.19999981 -2.50000000 140.80000305
189.28999329 39.28284836 45.00318909 1146.91003418 8.60000038 -2.50000000 140.80000305
189.39999390 39.28326035 45.00276947 1144.43005371 8.00000000 -2.50000000 140.89999390
189.52000427 39.28375626 45.00226593 1141.47998047 7.30000019 -2.50000000 141.00000000
189.63000488 39.28424835 45.00176239 1138.54003906 6.59999990 -2.50000000 141.10000610
189.75999451 39.28474045 45.00125885 1135.61999512 5.80000019 -2.50000000 141.19999695
189.88000488 39.28522873 45.00075531 1132.70996094 5.09999990 -2.40000010 141.30000305
190.00000000 39.28572083 45.00024796 1129.81005859 4.80000019 -2.40000010 141.39999390
190.11000061 39.28620529 44.99974442 1126.92004395 4.59999990 -2.40000010 141.50000000
190.22000122 39.28661346 44.99932098 1124.51000977 4.59999990 -2.40000010 141.60000610
190.50999451 39.28782272 44.99805450 1117.27001953 5.09999990 -2.40000010 141.80000305
190.66999817 39.28838730 44.99746323 1113.86999512 5.09999990 -2.40000010 141.80000305
190.77999878 39.28886795 44.99695587 1110.93005371 5.30000019 -2.50000000 141.89999390
190.91000366 39.28942871 44.99636078 1107.46997070 5.59999990 -2.50000000 142.00000000
191.02999878 39.28990936 44.99584961 1104.48999023 5.50000000 -2.50000000 142.00000000
191.17999268 39.29047012 44.99525833 1100.96997070 5.40000010 -2.50000000 142.10000610
191.28999329 39.29094696 44.99474716 1097.92004395 5.09999990 -2.50000000 142.10000610
191.39999390 39.29134750 44.99432373 1095.34997559 4.80000019 -2.59999990 142.19999695
191.50999451 39.29174805 44.99389648 1092.76000977 4.59999990 -2.59999990 142.19999695
191.61999512 39.29222107 44.99338531 1089.65002441 4.50000000 -2.59999990 142.19999695
191.72000122 39.29261780 44.99296188 1087.06005859 4.40000010 -2.59999990 142.19999695
191.83000183 39.29301453 44.99253845 1084.46997070 4.00000000 -2.59999990 142.19999695
191.92999268 39.29349136 44.99202728 1081.36999512 3.70000005 -2.59999990 142.19999695
192.08000183 39.29404831 44.99143219 1077.72998047 3.29999995 -2.59999990 142.19999695
192.19000244 39.29444504 44.99100876 1075.10998535 2.90000010 -2.59999990 142.19999695
192.33999634 39.29508209 44.99032593 1070.89001465 2.40000010 -2.70000005 142.19999695
192.44000244 39.29548264 44.98990250 1068.22998047 2.00000000 -2.70000005 142.10000610
192.53999329 39.29587936 44.98947906 1065.55004883 1.50000000 -2.70000005 142.10000610
192.66999817 39.29636002 44.98896790 1062.30004883 0.80000001 -2.70000005 142.10000610
192.80999756 39.29691696 44.98837662 1058.45996094 0.20000000 -2.79999995 142.10000610
192.94999695 39.29755783 44.98769760 1054.02001953 -0.30000001 -2.79999995 142.00000000
193.07000732 39.29795456 44.98727036 1051.21997070 -0.69999999 -2.79999995 142.00000000
193.19999695 39.29851532 44.98667908 1047.30004883 -1.00000000 -2.79999995 142.00000000
193.35000610 39.29907227 44.98608398 1043.35998535 -1.10000002 -2.79999995 142.00000000
193.49000549 39.29971313 44.98540497 1038.81994629 -1.10000002 -2.90000010 142.00000000
193.63999939 39.30027008 44.98481369 1034.80004883 -1.00000000 -2.90000010 142.00000000
193.77999878 39.30082703 44.98422241 1030.71997070 -0.89999998 -2.90000010 141.89999390
193.88000488 39.30123138 44.98379898 1027.78002930 -0.89999998 -3.00000000 141.89999390
194.02999878 39.30187225 44.98311996 1023.01000977 -1.00000000 -3.00000000 141.89999390
194.16999817 39.30243301 44.98252869 1018.78002930 -0.89999998 -3.00000000 141.89999390
194.30999756 39.30299377 44.98193741 1014.53002930 -1.10000002 -3.09999990 141.89999390
194.41999817 39.30339813 44.98151398 1011.47998047 -1.10000002 -3.09999990 141.80000305
194.55999756 39.30395889 44.98092270 1007.20001221 -1.39999998 -3.09999990 141.80000305
194.67999268 39.30443954 44.98041534 1003.50000000 -1.39999998 -3.09999990 141.80000305
194.82000732 39.30500031 44.97982407 999.15002441 -1.39999998 -3.09999990 141.80000305
194.96000671 39.30556107 44.97923279 994.75000000 -1.29999995 -3.20000005 141.80000305
195.08999634 39.30604172 44.97872543 990.92999268 -1.20000005 -3.20000005 141.69999695
195.22000122 39.30660629 44.97813416 986.42999268 -1.10000002 -3.20000005 141.69999695
195.35000610 39.30716705 44.97754288 981.90002441 -1.00000000 -3.29999995 141.69999695
195.49000549 39.30764771 44.97703552 978.01000977 -0.80000001 -3.29999995 141.69999695
195.61999512 39.30821228 44.97644806 973.45001221 -0.69999999 -3.29999995 141.69999695
195.75999451 39.30877686 44.97585678 968.85998535 -0.80000001 -3.29999995 141.69999695
195.88999939 39.30934143 44.97526550 964.23999023 -0.89999998 -3.29999995 141.60000610
196.02000427 39.30982208 44.97476196 960.23999023 -1.00000000 -3.29999995 141.60000610
196.13000488 39.31022644 44.97433853 956.88000488 -1.10000002 -3.40000010 141.60000610
196.25000000 39.31079102 44.97374725 952.13000488 -1.10000002 -3.40000010 141.60000610
196.36999512 39.31127548 44.97324371 947.98999023 -1.29999995 -3.50000000 141.60000610
196.49000549 39.31175995 44.97274017 943.78002930 -1.39999998 -3.50000000 141.50000000
196.64999390 39.31231689 44.97215652 938.76000977 -1.29999995 -3.59999990 141.50000000
196.82000732 39.31303406 44.97141266 932.05999756 -1.20000005 -3.79999995 141.50000000
196.92999268 39.31342316 44.97100067 928.17999268 -1.10000002 -3.90000010 141.60000610
197.05999756 39.31397247 44.97042847 922.52001953 -0.89999998 -4.09999990 141.60000610
197.19000244 39.31443787 44.96994400 917.44000244 -0.69999999 -4.30000019 141.69999695
197.30999756 39.31497192 44.96937943 911.20001221 -0.40000001 -4.59999990 141.69999695
197.44000244 39.31542969 44.96890259 905.58001709 -0.20000000 -4.80000019 141.60000610
197.57000732 39.31588364 44.96842575 899.66998291 0.00000000 -5.09999990 141.60000610
197.71000671 39.31641006 44.96787643 892.40002441 0.20000000 -5.50000000 141.50000000
197.83000183 39.31693268 44.96733475 884.70001221 0.30000001 -5.80000019 141.39999390
197.97000122 39.31737900 44.96687317 877.78002930 0.00000000 -6.19999981 141.19999695
198.08999634 39.31789398 44.96633911 869.44000244 -0.50000000 -6.50000000 141.10000610
198.22000122 39.31833649 44.96588898 862.28002930 -0.89999998 -6.59999990 141.10000610
198.33999634 39.31877518 44.96543884 855.21997070 -1.60000002 -6.59999990 141.10000610
198.46000671 39.31921005 44.96499252 848.29998779 -2.09999990 -6.59999990 141.19999695
198.58000183 39.31964111 44.96454620 841.61999512 -2.50000000 -6.50000000 141.19999695
198.69000244 39.32006836 44.96410751 835.28997803 -2.70000005 -6.19999981 141.39999390
198.80999756 39.32048798 44.96366882 829.46002197 -2.70000005 -5.90000010 141.69999695
198.92999268 39.32090378 44.96323395 824.30999756 -2.20000005 -5.40000010 142.10000610
199.05000305 39.32123947 44.96287155 820.67999268 -1.00000000 -4.69999981 142.50000000
199.16999817 39.32163620 44.96243668 817.38000488 0.89999998 -3.79999995 143.39999390
