141.83999634 39.19123077 45.06721497 1844.60998535 0.00000000 0.00000000 128.89999390
141.96000671 39.19142532 45.06708527 1842.91003418 0.00000000 0.00000000 128.89999390
142.08000183 39.19164276 45.06694031 1840.97998047 0.00000000 0.00000000 128.89999390
142.19000244 39.19184113 45.06680679 1839.22998047 0.00000000 -4.59999990 128.89999390
142.30000305 39.19210434 45.06663132 1836.93005371 0.00000000 -4.59999990 129.60000610
142.41000366 39.19238663 45.06643677 1834.31994629 0.00000000 -4.69999981 132.30000305
142.52999878 39.19267273 45.06621170 1831.00000000 0.00000000 -5.19999981 136.19999695
142.66999817 39.19295502 45.06595612 1826.80004883 0.00000000 -6.19999981 140.19999695
142.78999329 39.19323349 45.06567001 1821.70996094 0.00000000 -7.09999990 143.89999390
142.89999390 39.19350052 45.06535339 1815.75000000 0.00000000 -7.80000019 147.39999390
143.00999451 39.19375610 45.06500244 1808.98999023 0.00000000 -8.39999962 150.50000000
143.11999512 39.19395828 45.06468964 1802.77001953 0.00000000 -8.89999962 151.89999390
143.22999573 39.19420624 45.06429291 1794.82995605 0.00000000 -9.19999981 151.80000305
143.35000610 39.19441986 45.06394577 1787.79003906 0.00000000 -9.39999962 152.10000610
143.47000122 39.19473648 45.06343460 1777.52001953 0.00000000 -9.39999962 152.10000610
143.58999634 39.19497681 45.06304932 1769.94995117 0.00000000 -9.30000019 152.10000610
143.69999695 39.19527054 45.06256866 1760.51000977 0.00000000 -9.19999981 152.19999695
143.82000732 39.19557953 45.06206894 1750.60998535 0.00000000 -9.19999981 152.30000305
143.92999268 39.19590378 45.06154633 1740.15002441 90.00000000 -9.30000019 152.19999695
144.05000305 39.19618225 45.06109238 1730.94995117 88.50000000 -9.39999962 151.89999390
144.16000366 39.19653320 45.06053543 1719.35998535 72.90000153 -9.60000038 151.60000610
144.27999878 39.19690704 45.05995560 1707.19995117 55.00000000 -9.69999981 151.10000610
144.38999939 39.19723129 45.05945969 1696.68005371 39.00000000 -9.80000019 150.69999695
144.50000000 39.19763947 45.05884552 1683.66003418 24.60000038 -9.80000019 150.10000610
144.64999390 39.19822311 45.05800247 1665.88000488 10.39999962 -9.69999981 149.30000305
144.77000427 39.19861221 45.05745697 1654.67004395 0.69999999 -9.50000000 148.80000305
144.88000488 39.19909668 45.05678558 1641.27001953 -7.19999981 -9.30000019 148.19999695
144.99000549 39.19961166 45.05609894 1628.06994629 -13.10000038 -8.89999962 147.60000610
145.11000061 39.20005798 45.05551147 1617.30004883 -17.00000000 -8.50000000 147.19999695
145.22000122 39.20061493 45.05479431 1604.71997070 -20.29999924 -8.10000038 146.69999695
145.33000183 39.20119858 45.05405426 1592.58996582 -23.20000076 -7.59999990 146.19999695
145.44999695 39.20170593 45.05342865 1582.82995605 -25.29999924 -7.19999981 145.80000305
145.55999756 39.20233917 45.05265808 1571.51000977 -27.39999962 -6.69999981 145.30000305
145.66999817 39.20300293 45.05187225 1560.60998535 -29.29999924 -6.40000010 144.80000305
145.78999329 39.20356750 45.05120468 1551.83996582 -29.89999962 -6.00000000 144.50000000
145.89999390 39.20427704 45.05038452 1541.70996094 -30.39999962 -5.59999990 144.10000610
146.00999451 39.20500183 45.04955673 1532.04003906 -30.60000038 -5.30000019 143.69999695
146.13000488 39.20561600 45.04887009 1524.46997070 -30.00000000 -5.00000000 143.50000000
146.24000549 39.20635223 45.04804230 1516.04003906 -29.29999924 -4.59999990 143.39999390
146.35000610 39.20709229 45.04721832 1508.30004883 -28.29999924 -4.30000019 143.39999390
146.46000671 39.20770645 45.04653168 1502.30004883 -26.79999924 -4.00000000 143.39999390
146.58000183 39.20845032 45.04570770 1495.58996582 -24.70000076 -3.70000005 143.30000305
146.72000122 39.20931244 45.04474258 1488.31994629 -22.20000076 -3.40000010 143.30000305
146.83999634 39.21005630 45.04391861 1482.53002930 -19.79999924 -3.20000005 143.19999695
146.94999695 39.21080017 45.04309464 1477.09997559 -17.29999924 -3.00000000 143.19999695
147.07000732 39.21154785 45.04227066 1471.89001465 -14.80000019 -2.79999995 143.19999695
147.19000244 39.21229172 45.04144669 1466.78002930 -12.10000038 -2.70000005 143.19999695
147.30999756 39.21290970 45.04076385 1462.57995605 -9.39999962 -2.70000005 143.19999695
147.42999268 39.21365738 45.03993988 1457.58996582 -7.50000000 -2.59999990 143.19999695
147.55000305 39.21452332 45.03897858 1451.77001953 -5.69999981 -2.59999990 143.19999695
147.67999268 39.21527100 45.03815460 1446.68994141 -4.00000000 -2.59999990 143.19999695
147.80999756 39.21601486 45.03733063 1441.43994141 -2.90000010 -2.70000005 143.19999695
147.94000244 39.21688080 45.03636932 1434.95996094 -1.79999995 -2.90000010 143.10000610
148.05999756 39.21762848 45.03554916 1428.93994141 -1.29999995 -3.00000000 143.10000610
148.19000244 39.21837234 45.03472519 1422.38000488 -1.00000000 -3.29999995 143.10000610
148.30999756 39.21912003 45.03390503 1415.14001465 -1.00000000 -3.59999990 143.00000000
148.42999268 39.21998978 45.03294754 1405.68005371 -1.00000000 -4.00000000 142.89999390
148.55999756 39.22073746 45.03213120 1396.61999512 -1.00000000 -4.50000000 142.80000305
148.71000671 39.22173691 45.03104019 1383.04003906 -1.29999995 -5.09999990 142.69999695
148.83000183 39.22248840 45.03022766 1371.68994141 -1.60000002 -5.69999981 142.60000610
148.96000671 39.22323608 45.02941132 1359.33996582 -2.09999990 -6.30000019 142.60000610
149.08000183 39.22399139 45.02860260 1345.98999023 -2.50000000 -6.80000019 142.50000000
149.21000671 39.22474289 45.02779388 1331.68994141 -3.00000000 -7.30000019 142.39999390
149.33999634 39.22562027 45.02685165 1313.84997559 -3.40000010 -7.80000019 142.19999695
149.44999695 39.22624969 45.02618027 1300.35998535 -3.79999995 -8.30000019 142.10000610
149.55999756 39.22700882 45.02537537 1283.43994141 -4.19999981 -8.69999981 141.89999390
149.67999268 39.22776794 45.02457809 1265.78002930 -4.59999990 -9.10000038 141.60000610
149.78999329 39.22840881 45.02391434 1250.58996582 -5.09999990 -9.39999962 141.39999390
149.91000366 39.22917557 45.02312088 1231.91003418 -5.69999981 -9.69999981 141.10000610
150.02000427 39.22994995 45.02233124 1213.04003906 -6.50000000 -9.89999962 140.89999390
150.13999939 39.23072815 45.02154541 1194.26000977 -7.19999981 -10.00000000 140.80000305
150.25999451 39.23150635 45.02075577 1175.59997559 -7.90000010 -9.89999962 140.80000305
150.36999512 39.23228455 45.01996613 1157.09997559 -8.50000000 -9.89999962 140.80000305
150.49000549 39.23306656 45.01918030 1138.83996582 -8.89999962 -9.80000019 140.69999695
150.61000061 39.23384857 45.01839447 1120.90002441 -9.19999981 -9.60000038 140.60000610
150.75999451 39.23476028 45.01747513 1100.52001953 -9.10000038 -9.39999962 140.50000000
150.88000488 39.23554611 45.01668930 1083.65002441 -8.80000019 -9.10000038 140.39999390
151.00999451 39.23646545 45.01577377 1064.78002930 -8.00000000 -8.69999981 140.39999390
151.13999939 39.23725510 45.01498795 1049.42004395 -7.09999990 -8.39999962 140.30000305
151.25999451 39.23804855 45.01420212 1034.86999512 -6.30000019 -7.90000010 140.19999695
151.38000488 39.23884201 45.01341629 1021.17999268 -5.59999990 -7.50000000 140.19999695
151.50999451 39.23976898 45.01249695 1006.34997559 -5.00000000 -7.00000000 140.10000610
151.63999939 39.24057007 45.01171112 994.59997559 -4.50000000 -6.50000000 140.10000610
151.77000427 39.24150085 45.01079559 982.02001953 -4.09999990 -5.90000010 140.00000000
151.89999390 39.24230194 45.01000977 972.26000977 -3.79999995 -5.50000000 140.00000000
152.02999878 39.24323654 45.00909042 961.94000244 -3.70000005 -4.90000010 140.10000610
152.17999268 39.24416733 45.00817108 952.71002197 -3.40000010 -4.40000010 140.10000610
152.30999756 39.24496841 45.00738144 945.61999512 -3.09999990 -4.00000000 140.19999695
152.42999268 39.24589920 45.00645828 938.26000977 -2.50000000 -3.50000000 140.19999695
152.55999756 39.24669647 45.00566864 932.66998291 -1.89999998 -3.20000005 140.30000305
152.72000122 39.24775696 45.00461197 926.17999268 -0.89999998 -2.70000005 140.39999390
152.86999512 39.24881363 45.00355911 920.70001221 0.10000000 -2.29999995 140.50000000
153.00000000 39.24958038 45.00278854 917.25000000 1.00000000 -2.00000000 140.69999695
153.13000488 39.25031662 45.00204086 914.27001953 1.89999998 -1.79999995 140.89999390
153.25999451 39.25114822 45.00119400 911.34002686 2.90000010 -1.60000002 141.19999695
153.44000244 39.25216675 45.00014496 908.52001953 4.50000000 -1.20000005 141.60000610
153.58000183 39.25292206 44.99935150 907.10998535 5.90000010 -0.89999998 141.89999390
153.71000671 39.25354385 44.99869156 906.50000000 7.09999990 -0.60000002 142.30000305
153.83000183 39.25413895 44.99805069 906.47998047 8.69999981 -0.20000000 142.60000610
153.94999695 39.25480652 44.99732208 907.26000977 10.60000038 0.20000000 143.10000610
154.08999634 39.25535583 44.99671936 908.59997559 12.39999962 0.69999999 143.50000000
154.21000671 39.25596237 44.99602890 910.90002441 14.50000000 1.20000005 144.00000000
154.63999939 39.25765991 44.99406433 919.97998047 19.39999962 2.00000000 144.30000305
154.75999451 39.25812531 44.99353027 922.51000977 19.70000076 2.00000000 144.30000305
154.89999390 39.25865555 44.99291229 925.39001465 19.29999924 2.09999990 144.30000305
155.02999878 39.25917435 44.99231339 928.21002197 18.29999924 2.09999990 144.30000305
155.17999268 39.25968170 44.99172211 930.96997070 16.39999962 2.09999990 144.30000305
155.32000732 39.26018143 44.99114609 933.66998291 13.30000019 2.09999990 144.30000305
155.44999695 39.26060104 44.99066162 935.92999268 10.50000000 2.00000000 144.30000305
155.58000183 39.26108170 44.99010468 938.53002930 7.80000019 2.00000000 144.30000305
155.74000549 39.26161575 44.98948288 941.41998291 5.30000019 2.00000000 144.30000305
155.97000122 39.26239777 44.98857498 945.64001465 2.00000000 2.00000000 144.30000305
156.11000061 39.26284409 44.98806000 948.03997803 0.89999998 2.00000000 144.30000305
156.25999451 39.26327896 44.98755264 950.38000488 0.30000001 2.00000000 144.30000305
156.39999390 39.26371002 44.98705673 952.67999268 0.10000000 2.00000000 144.30000305
156.55000305 39.26412964 44.98656845 954.94000244 0.10000000 2.00000000 144.30000305
156.64999390 39.26442719 44.98622894 956.52001953 0.10000000 2.00000000 144.30000305
156.80000305 39.26488876 44.98568726 959.00000000 0.00000000 2.00000000 144.30000305
156.94999695 39.26528931 44.98522949 961.13000488 -0.10000000 2.00000000 144.30000305
157.10000610 39.26573563 44.98471069 963.51000977 -0.20000000 2.00000000 144.30000305
157.24000549 39.26611710 44.98426819 965.54998779 -0.20000000 2.00000000 144.30000305
157.38999939 39.26654434 44.98376846 967.84002686 0.00000000 2.00000000 144.30000305
157.53999329 39.26691437 44.98334503 969.79998779 -0.10000000 2.00000000 144.30000305
157.69000244 39.26732635 44.98286438 972.00000000 -0.10000000 2.00000000 144.30000305
157.85000610 39.26773453 44.98239517 974.15002441 -0.10000000 2.00000000 144.30000305
158.05000305 39.26823044 44.98181915 976.77001953 0.00000000 2.00000000 144.30000305
158.19999695 39.26857376 44.98142242 978.54998779 0.00000000 2.00000000 144.30000305
158.33999634 39.26890945 44.98103333 980.28002930 -0.10000000 2.00000000 144.30000305
158.47999573 39.26924133 44.98064804 981.96997070 0.00000000 1.89999998 144.30000305
158.64999390 39.26961517 44.98021317 983.84002686 0.00000000 1.89999998 144.30000305
158.78999329 39.26998138 44.97978592 985.64001465 0.10000000 1.89999998 144.30000305
158.94000244 39.27030182 44.97941971 987.17999268 0.00000000 1.79999995 144.30000305
159.08000183 39.27061462 44.97905350 988.65997314 0.10000000 1.79999995 144.30000305
159.22000122 39.27092361 44.97869492 990.09002686 0.10000000 1.79999995 144.30000305
159.36999512 39.27123260 44.97834015 991.38000488 0.20000000 1.70000005 144.30000305
159.50999451 39.27153778 44.97798538 992.52001953 0.00000000 1.50000000 144.30000305
159.66000366 39.27188110 44.97758484 993.65997314 0.10000000 1.29999995 144.30000305
159.80000305 39.27218246 44.97723770 994.50000000 0.00000000 1.10000002 144.30000305
159.94999695 39.27248001 44.97689438 995.21002197 -0.10000000 1.00000000 144.30000305
160.08999634 39.27281952 44.97650146 995.85998535 -0.10000000 0.80000001 144.30000305
160.24000549 39.27311325 44.97616196 996.28002930 -0.20000000 0.60000002 144.30000305
160.38000488 39.27340317 44.97582245 996.58001709 -0.20000000 0.50000000 144.30000305
160.52000427 39.27369308 44.97548676 996.76000977 0.10000000 0.30000001 144.30000305
160.71000671 39.27410126 44.97500992 996.78997803 0.00000000 0.10000000 144.30000305
160.86000061 39.27438736 44.97468185 996.67999268 0.00000000 -0.10000000 144.30000305
161.02000427 39.27471161 44.97430420 996.40002441 0.10000000 -0.30000001 144.30000305
161.16000366 39.27499390 44.97397995 996.03997803 0.20000000 -0.40000001 144.30000305
161.30000305 39.27527237 44.97365570 995.55999756 0.20000000 -0.60000002 144.30000305
161.44000244 39.27555084 44.97333145 994.96997070 0.10000000 -0.69999999 144.30000305
161.58000183 39.27582550 44.97301483 994.28002930 -0.10000000 -0.89999998 144.30000305
161.72999573 39.27610016 44.97269440 993.47998047 0.00000000 -1.00000000 144.30000305
161.86999512 39.27641296 44.97233200 992.42999268 0.10000000 -1.20000005 144.30000305
162.00999451 39.27668381 44.97201920 991.40997314 -0.10000000 -1.39999998 144.30000305
162.14999390 39.27695465 44.97170639 990.28002930 -0.20000000 -1.50000000 144.30000305
162.28999329 39.27722168 44.97139740 989.04998779 -0.30000001 -1.70000005 144.30000305
162.42999268 39.27748871 44.97108841 987.71997070 -0.20000000 -1.79999995 144.30000305
162.64999390 39.27786636 44.97064972 985.65997314 0.00000000 -2.00000000 144.30000305
162.80000305 39.27816772 44.97029877 983.85998535 -0.20000000 -2.20000005 144.30000305
162.94000244 39.27842712 44.96999741 982.19000244 -0.20000000 -2.40000010 144.30000305
163.10000610 39.27872467 44.96965408 980.15997314 0.10000000 -2.50000000 144.30000305
163.22000122 39.27894592 44.96939468 978.55999756 0.10000000 -2.70000005 144.30000305
163.36000061 39.27920532 44.96909714 976.60998535 0.20000000 -2.79999995 144.30000305
163.50000000 39.27946091 44.96880341 974.57000732 0.10000000 -3.00000000 144.30000305
163.63999939 39.27971649 44.96850586 972.44000244 -0.10000000 -3.09999990 144.30000305
163.78999329 39.27996826 44.96821213 970.21997070 0.00000000 -3.29999995 144.30000305
163.92999268 39.28025436 44.96788025 967.58001709 0.00000000 -3.40000010 144.30000305
164.11999512 39.28057861 44.96750641 964.46997070 -0.30000001 -3.59999990 144.30000305
164.27999878 39.28086090 44.96717834 961.59997559 -0.30000001 -3.79999995 144.30000305
164.39999390 39.28107452 44.96693039 959.36999512 -0.20000000 -3.90000010 144.30000305
164.52999878 39.28132248 44.96664810 956.69000244 -0.30000001 -4.09999990 144.30000305
164.69000244 39.28156662 44.96636200 953.92999268 -0.10000000 -4.19999981 144.30000305
164.80000305 39.28177643 44.96611786 951.50000000 -0.20000000 -4.30000019 144.30000305
164.92999268 39.28201675 44.96583939 948.59002686 -0.10000000 -4.50000000 144.30000305
165.05999756 39.28222656 44.96559906 946.03002930 -0.10000000 -4.59999990 144.30000305
165.19000244 39.28243256 44.96535873 943.41998291 0.00000000 -4.69999981 144.30000305
165.30999756 39.28263855 44.96512222 940.75000000 0.10000000 -4.80000019 144.30000305
165.42999268 39.28287888 44.96484375 937.55999756 -0.20000000 -5.00000000 144.30000305
165.55000305 39.28308105 44.96460724 934.76000977 0.20000000 -5.09999990 144.30000305
165.67999268 39.28328323 44.96437454 931.91998291 0.00000000 -5.19999981 144.30000305
165.80999756 39.28351974 44.96409988 928.52001953 0.10000000 -5.40000010 144.30000305
165.92999268 39.28368759 44.96390533 926.04998779 -0.20000000 -5.50000000 144.30000305
166.07000732 39.28392029 44.96363449 922.53002930 0.00000000 -5.59999990 144.30000305
166.19000244 39.28415680 44.96336365 918.94000244 -0.10000000 -5.80000019 144.30000305
166.36999512 39.28442001 44.96305847 914.73999023 0.10000000 -5.90000010 144.30000305
166.72000122 39.28501129 44.96237564 904.96002197 -0.10000000 -6.30000019 144.30000305
166.86000061 39.28524017 44.96210861 901.03997803 0.00000000 -6.40000010 144.30000305
167.05999756 39.28556442 44.96173477 895.30999756 -0.10000000 -6.59999990 144.30000305
167.21000671 39.28582001 44.96143723 890.61999512 0.00000000 -6.80000019 144.30000305
167.30999756 39.28598022 44.96125031 887.65002441 0.00000000 -6.90000010 144.30000305
167.46000671 39.28620911 44.96099091 883.42999268 -0.30000001 -7.09999990 144.30000305
167.55999756 39.28636551 44.96080780 880.36999512 -0.10000000 -7.19999981 144.30000305
167.72999573 39.28662109 44.96051025 875.41998291 -0.10000000 -7.30000019 144.30000305
167.86000061 39.28684235 44.96025467 871.01000977 -0.10000000 -7.40000010 144.30000305
168.02000427 39.28709412 44.95996475 865.89001465 -0.10000000 -7.59999990 144.30000305
168.16000366 39.28731155 44.95970917 861.34997559 -0.20000000 -7.69999981 144.30000305
168.27999878 39.28749847 44.95949554 857.40002441 -0.10000000 -7.90000010 144.30000305
168.38999939 39.28765488 44.95931244 854.08001709 0.10000000 -8.00000000 144.30000305
168.52999878 39.28787231 44.95906448 849.36999512 0.00000000 -8.10000038 144.30000305
168.66999817 39.28812027 44.95877838 843.90997314 -0.20000000 -8.30000019 144.30000305
168.78999329 39.28830338 44.95856476 839.77001953 -0.10000000 -8.39999962 144.30000305
168.91000366 39.28845596 44.95838547 836.28002930 -0.10000000 -8.50000000 144.30000305
169.02000427 39.28864288 44.95817566 832.04998779 -0.10000000 -8.60000038 144.30000305
169.13999939 39.28882217 44.95796204 827.78002930 0.10000000 -8.69999981 144.30000305
169.25999451 39.28900528 44.95775223 823.46997070 0.00000000 -8.89999962 144.30000305
169.38999939 39.28918839 44.95754242 819.10998535 -0.30000001 -9.00000000 144.30000305
169.53999329 39.28942871 44.95726395 813.22998047 -0.10000000 -9.10000038 144.30000305
169.66000366 39.28960800 44.95705414 808.76000977 0.10000000 -9.30000019 144.30000305
169.77999878 39.28978729 44.95684814 804.26000977 -0.10000000 -9.39999962 144.30000305
169.91000366 39.28996658 44.95664215 799.71002197 -0.20000000 -9.50000000 144.30000305
170.03999329 39.29017258 44.95640182 794.35998535 0.00000000 -9.60000038 144.30000305
170.16999817 39.29038239 44.95616150 788.94000244 -0.20000000 -9.80000019 144.30000305
170.30999756 39.29058838 44.95592499 783.46997070 -0.20000000 -9.89999962 144.30000305
170.44999695 39.29079437 44.95568466 777.94000244 0.00000000 -10.10000038 144.30000305
170.61000061 39.29102707 44.95541763 771.54998779 -0.20000000 -10.19999981 144.30000305
170.77999878 39.29125977 44.95514679 765.09002686 -0.10000000 -10.39999962 144.30000305
170.92999268 39.29146194 44.95491028 759.38000488 0.10000000 -10.50000000 144.30000305
171.08000183 39.29169464 44.95464325 752.78002930 -0.20000000 -10.69999981 144.30000305
171.22000122 39.29189682 44.95441437 746.96002197 -0.10000000 -10.80000019 144.30000305
171.38000488 39.29212570 44.95414734 740.27001953 -0.10000000 -10.89999962 144.30000305
171.53999329 39.29235458 44.95388412 733.53997803 -0.20000000 -11.00000000 144.30000305
171.69999695 39.29257965 44.95362091 726.77001953 0.00000000 -11.19999981 144.30000305
171.86000061 39.29280472 44.95336151 719.96997070 -0.20000000 -11.30000019 144.30000305
172.00999451 39.29302979 44.95310211 713.13000488 -0.10000000 -11.39999962 144.30000305
172.16999817 39.29325485 44.95284271 706.26000977 0.10000000 -11.50000000 144.30000305
172.33000183 39.29344940 44.95261765 700.21002197 0.00000000 -11.60000038 144.30000305
172.44999695 39.29364395 44.95239258 694.14001465 0.10000000 -11.69999981 144.30000305
172.63999939 39.29389191 44.95210648 686.28997803 0.20000000 -11.80000019 144.30000305
172.82000732 39.29413986 44.95182037 678.40002441 0.20000000 -11.89999962 144.30000305
173.00000000 39.29438400 44.95153809 670.46002197 0.30000001 -12.00000000 144.30000305
173.16000366 39.29460144 44.95128250 663.36999512 0.00000000 -12.10000038 144.30000305
173.28999329 39.29476547 44.95109558 658.02001953 0.00000000 -12.19999981 144.30000305
173.44000244 39.29498291 44.95084763 650.86999512 0.10000000 -12.39999962 144.30000305
173.58000183 39.29516983 44.95063019 644.58001709 -0.10000000 -12.39999962 144.30000305
173.72999573 39.29538345 44.95038223 637.36999512 -0.20000000 -12.50000000 144.30000305
173.88000488 39.29557037 44.95016479 631.03002930 -0.10000000 -12.69999981 144.30000305
174.02000427 39.29575348 44.94995117 624.65997314 0.00000000 -12.80000019 144.30000305
174.16000366 39.29594040 44.94973755 618.26000977 0.10000000 -12.89999962 144.30000305
174.32000732 39.29615021 44.94949341 610.92999268 0.10000000 -12.89999962 144.30000305
174.53999329 39.29644012 44.94916153 600.78002930 0.10000000 -13.10000038 144.30000305
174.69000244 39.29664612 44.94891739 593.36999512 0.20000000 -13.19999981 144.30000305
174.83000183 39.29682922 44.94870758 586.84997559 0.20000000 -13.30000019 144.30000305
174.97000122 39.29700851 44.94849777 580.30999756 0.10000000 -13.39999962 144.30000305
175.10000610 39.29716492 44.94831848 574.69000244 0.10000000 -13.50000000 144.30000305
175.22999573 39.29731750 44.94814301 569.04998779 0.10000000 -13.60000038 144.30000305
175.36999512 39.29752350 44.94790649 561.48999023 0.10000000 -13.69999981 144.30000305
175.50999451 39.29767609 44.94772720 555.80999756 0.10000000 -13.80000019 144.30000305
175.66999817 39.29788208 44.94749451 548.20001221 -0.10000000 -13.89999962 144.30000305
175.78999329 39.29805756 44.94728851 541.52001953 0.00000000 -14.00000000 144.30000305
175.89999390 39.29818344 44.94714355 536.73999023 0.00000000 -14.00000000 144.30000305
176.08000183 39.29840851 44.94688034 528.09002686 0.20000000 -14.19999981 144.30000305
176.22999573 39.29858398 44.94667816 521.34002686 0.00000000 -14.30000019 144.30000305
176.36000061 39.29875946 44.94647598 514.55999756 0.00000000 -14.39999962 144.30000305
176.49000549 39.29893112 44.94627380 507.76998901 -0.10000000 -14.50000000 144.30000305
176.64999390 39.29912949 44.94604492 499.97000122 0.20000000 -14.60000038 144.30000305
176.78999329 39.29927826 44.94587708 494.10000610 0.10000000 -14.69999981 144.30000305
176.91999817 39.29944992 44.94567490 487.23999023 0.00000000 -14.80000019 144.30000305
177.07000732 39.29964447 44.94544983 479.35998535 -0.20000000 -14.89999962 144.30000305
177.21000671 39.29981613 44.94525146 472.45001221 0.10000000 -15.00000000 144.30000305
177.35000610 39.29996109 44.94508362 466.50000000 0.20000000 -15.10000038 144.30000305
177.47999573 39.30013275 44.94488525 459.54998779 0.10000000 -15.10000038 144.30000305
177.64999390 39.30034637 44.94463730 450.57998657 -0.10000000 -15.30000019 144.30000305
177.86999512 39.30058670 44.94435883 440.55999756 0.10000000 -15.39999962 144.30000305
178.03999329 39.30080414 44.94411087 431.51000977 -0.10000000 -15.50000000 144.30000305
178.17999268 39.30096817 44.94391632 424.45001221 0.00000000 -15.69999981 144.30000305
178.33000183 39.30115509 44.94369888 416.35000610 -0.10000000 -15.80000019 144.30000305
178.49000549 39.30132294 44.94350815 409.23999023 0.10000000 -15.89999962 144.30000305
178.66000366 39.30153275 44.94326019 400.07000732 0.00000000 -16.00000000 144.30000305
178.82000732 39.30171967 44.94304657 391.89001465 0.10000000 -16.10000038 144.30000305
178.97999573 39.30190659 44.94282913 383.69000244 0.30000001 -16.20000076 144.30000305
179.14999390 39.30209351 44.94261551 375.45001221 0.20000000 -16.29999924 144.30000305
179.30000305 39.30227661 44.94239807 367.19000244 0.20000000 -16.39999962 144.30000305
179.44000244 39.30243683 44.94221497 359.94000244 0.10000000 -16.60000038 144.30000305
179.58000183 39.30259705 44.94202805 352.67001343 0.30000001 -16.70000076 144.30000305
179.72999573 39.30278015 44.94181442 344.33999634 0.10000000 -16.70000076 144.30000305
179.88000488 39.30294037 44.94163132 337.02999878 -0.10000000 -16.79999924 144.30000305
180.02000427 39.30309677 44.94144821 329.69000244 -0.30000001 -17.00000000 144.30000305
180.16000366 39.30325699 44.94126511 322.33999634 0.00000000 -17.00000000 144.30000305
180.30000305 39.30341339 44.94108200 314.97000122 -0.20000000 -17.10000038 144.30000305
180.44000244 39.30357361 44.94089890 307.57998657 -0.20000000 -17.20000076 144.30000305
180.58000183 39.30372620 44.94071960 300.17001343 -0.10000000 -17.29999924 144.30000305
180.74000549 39.30390549 44.94051361 291.67999268 0.10000000 -17.50000000 144.30000305
180.88000488 39.30406189 44.94033051 284.23001099 0.20000000 -17.60000038 144.30000305
181.00999451 39.30421448 44.94015121 276.76000977 0.10000000 -17.60000038 144.30000305
181.13999939 39.30434799 44.93999863 270.33999634 -0.10000000 -17.70000076 144.30000305
181.27000427 39.30450058 44.93981934 262.83999634 0.10000000 -17.89999962 144.30000305
181.38999939 39.30463409 44.93966675 256.39001465 0.40000001 -17.89999962 144.30000305
181.52000427 39.30476379 44.93951416 249.92999268 0.10000000 -18.00000000 144.30000305
181.64999390 39.30489349 44.93936539 243.44999695 -0.10000000 -18.10000038 144.30000305
181.80000305 39.30506897 44.93916321 234.80000305 -0.20000000 -18.20000076 144.30000305
181.94000244 39.30521774 44.93898773 227.21000671 0.10000000 -18.29999924 144.30000305
182.05999756 39.30534744 44.93883896 220.69000244 0.20000000 -18.39999962 144.30000305
182.19000244 39.30547714 44.93869019 214.14999390 0.10000000 -18.50000000 144.30000305
182.30999756 39.30560684 44.93854141 207.61000061 -0.20000000 -18.60000038 144.30000305
182.42999268 39.30573654 44.93839264 201.05000305 -0.50000000 -18.60000038 144.30000305
182.55000305 39.30588531 44.93821716 193.38000488 0.00000000 -18.70000076 144.30000305
182.86999512 39.30622101 44.93782425 175.77999878 0.10000000 -19.00000000 144.30000305
183.02000427 39.30636978 44.93765259 168.05000305 -0.20000000 -19.00000000 144.30000305
183.19000244 39.30656052 44.93743515 158.08999634 -0.10000000 -19.20000076 144.30000305
183.32000732 39.30668259 44.93729019 151.44000244 0.10000000 -19.29999924 144.30000305
183.42999268 39.30680847 44.93714523 144.77000427 0.50000000 -19.39999962 144.30000305
183.55000305 39.30693436 44.93700027 138.08999634 0.20000000 -19.50000000 144.30000305
183.67999268 39.30705643 44.93685532 131.38999939 -0.10000000 -19.50000000 144.30000305
183.80000305 39.30718231 44.93671036 124.69000244 -0.30000001 -19.60000038 144.30000305
183.92999268 39.30730438 44.93656921 117.97000122 0.00000000 -19.70000076 144.30000305
184.03999329 39.30743027 44.93642426 111.23999786 0.20000000 -19.79999924 144.30000305
184.16000366 39.30755234 44.93628311 104.50000000 0.20000000 -19.89999962 144.30000305
184.27999878 39.30767441 44.93614197 97.73999786 0.20000000 -20.00000000 144.30000305
184.38999939 39.30779648 44.93599701 90.97000122 0.00000000 -20.00000000 144.30000305
184.50999451 39.30789948 44.93587875 85.33000183 -0.10000000 -20.10000038 144.30000305
184.64999390 39.30804062 44.93571472 77.41000366 -0.10000000 -20.20000076 144.30000305
184.75999451 39.30815887 44.93557358 70.59999847 0.30000001 -20.29999924 144.30000305
184.88999939 39.30828094 44.93543625 63.79000092 0.20000000 -20.39999962 144.30000305
185.00000000 39.30840302 44.93529510 56.95999908 0.10000000 -20.50000000 144.30000305
185.13000488 39.30854416 44.93513107 48.99000168 -0.10000000 -20.50000000 144.30000305
185.24000549 39.30864334 44.93501663 43.27999878 -0.40000001 -20.60000038 144.30000305
