322.38000488 39.11972427 44.87086868 634.66998291 0.00000000 0.00000000 224.50000000
322.47000122 39.11941910 44.87069702 632.66998291 0.00000000 0.00000000 224.50000000
322.58999634 39.11911774 44.87052536 630.53997803 0.00000000 0.00000000 224.50000000
322.70999146 39.11870193 44.87027359 627.34997559 0.00000000 -4.09999990 221.10000610
322.83999634 39.11835480 44.87005234 624.46002197 0.00000000 -4.40000010 217.19999695
322.95999146 39.11802673 44.86981964 622.09002686 0.00000000 -4.09999990 213.30000305
323.07998657 39.11773682 44.86955643 620.35998535 0.00000000 -3.20000005 209.39999390
323.20001221 39.11747360 44.86928177 618.61999512 0.00000000 -2.70000005 205.50000000
323.29998779 39.11726761 44.86903381 617.08001709 0.00000000 -2.70000005 202.39999390
323.42999268 39.11699677 44.86864471 614.77001953 0.00000000 -2.70000005 198.30000305
323.54000854 39.11681747 44.86833954 612.98999023 0.00000000 -2.79999995 195.60000610
323.66000366 39.11662292 44.86795044 610.67999268 0.00000000 -2.79999995 192.50000000
323.77999878 39.11644745 44.86752701 608.15997314 0.00000000 -2.90000010 189.50000000
323.89999390 39.11630249 44.86707687 605.42999268 0.00000000 -3.00000000 186.69999695
324.01000977 39.11619949 44.86668396 602.96002197 0.00000000 -3.09999990 184.50000000
324.11999512 39.11610031 44.86618423 599.76000977 0.00000000 -3.20000005 182.19999695
324.23999023 39.11601639 44.86565781 596.36999512 0.00000000 -3.29999995 182.19999695
324.35000610 39.11592865 44.86511230 593.00000000 0.00000000 -3.20000005 182.19999695
324.47000122 39.11585236 44.86463928 590.21997070 -90.00000000 -3.09999990 182.00000000
324.57998657 39.11575699 44.86404800 586.85998535 -90.00000000 -3.00000000 182.30000305
324.69000244 39.11565781 44.86343765 583.53997803 -90.00000000 -2.90000010 182.39999390
324.80999756 39.11557007 44.86290741 580.71002197 -90.00000000 -2.79999995 182.39999390
324.92001343 39.11546326 44.86225510 577.25000000 -90.00000000 -2.70000005 182.50000000
325.02999878 39.11534882 44.86157608 573.77001953 -90.00000000 -2.70000005 182.50000000
325.16000366 39.11523056 44.86087418 570.29998779 -81.80000305 -2.59999990 182.69999695
325.26998901 39.11512756 44.86027527 567.44000244 -61.40000153 -2.50000000 182.80000305
325.38000488 39.11499405 44.85953140 564.08001709 -43.90000153 -2.40000010 183.00000000
325.48999023 39.11485672 44.85876846 560.82000732 -30.20000076 -2.29999995 183.19999695
325.60998535 39.11473465 44.85811234 558.17999268 -17.29999924 -2.09999990 183.39999390
325.73001099 39.11457825 44.85730362 555.13000488 -7.40000010 -2.00000000 183.60000610
325.83999634 39.11441422 44.85647964 552.15997314 -0.69999999 -1.89999998 183.69999695
325.95001221 39.11424637 44.85562897 548.96002197 4.00000000 -1.89999998 183.39999390
326.05999756 39.11411285 44.85490036 545.96997070 6.40000010 -2.00000000 183.19999695
326.17999268 39.11394882 44.85400772 541.97998047 6.90000010 -2.20000005 183.10000610
326.29998779 39.11377716 44.85309219 538.05999756 6.80000019 -2.20000005 183.50000000
326.42001343 39.11359406 44.85214996 534.46997070 6.80000019 -2.09999990 184.00000000
326.54000854 39.11339188 44.85119629 531.26000977 7.00000000 -1.79999995 184.50000000
326.66000366 39.11317825 44.85024261 528.46997070 7.19999981 -1.60000002 185.00000000
326.79000854 39.11295319 44.84928894 526.03997803 7.59999990 -1.39999998 185.50000000
326.91000366 39.11267471 44.84817886 523.57000732 8.60000038 -1.20000005 186.00000000
327.01000977 39.11247253 44.84738541 521.96997070 9.89999962 -1.10000002 186.10000610
327.14001465 39.11222458 44.84643555 520.09997559 12.30000019 -1.00000000 186.10000610
327.26000977 39.11197662 44.84548187 518.23999023 14.80000019 -1.00000000 186.19999695
327.38000488 39.11172867 44.84453583 516.40997314 16.60000038 -1.00000000 186.30000305
327.50000000 39.11147690 44.84358215 514.61999512 17.70000076 -1.00000000 186.39999390
327.61999512 39.11122131 44.84263611 512.90997314 18.29999924 -0.89999998 186.50000000
327.73999023 39.11096573 44.84168243 511.29998779 18.29999924 -0.89999998 186.80000305
327.85998535 39.11070251 44.84073639 509.79000854 17.70000076 -0.80000001 187.00000000
327.98001099 39.11043167 44.83978653 508.42001343 16.60000038 -0.80000001 187.19999695
328.10998535 39.11015701 44.83884048 507.17001343 14.89999962 -0.69999999 187.50000000
328.23001099 39.10987473 44.83789444 506.04998779 13.50000000 -0.60000002 187.80000305
328.32998657 39.10958862 44.83694839 505.01000977 12.80000019 -0.60000002 188.00000000
328.45001221 39.10929108 44.83600616 504.01998901 12.39999962 -0.50000000 188.30000305
328.57000732 39.10899353 44.83506393 503.04000854 12.30000019 -0.50000000 188.50000000
328.69000244 39.10868835 44.83412170 501.98999023 12.69999981 -0.50000000 188.80000305
328.80999756 39.10837936 44.83317947 500.83999634 13.39999962 -0.60000002 189.00000000
328.92999268 39.10806274 44.83223724 499.52999878 14.10000038 -0.60000002 189.19999695
329.04998779 39.10779572 44.83145523 498.29000854 14.69999981 -0.69999999 189.30000305
329.16000366 39.10747528 44.83051682 496.60998535 15.30000019 -0.80000001 189.50000000
329.27999878 39.10714722 44.82957840 494.67999268 15.50000000 -0.89999998 189.60000610
329.39001465 39.10681915 44.82863998 492.47000122 15.39999962 -1.10000002 189.80000305
329.51000977 39.10648727 44.82770157 489.95001221 15.00000000 -1.20000005 189.89999390
329.64001465 39.10614777 44.82676697 487.05999756 14.39999962 -1.39999998 190.10000610
329.76000977 39.10580826 44.82583237 483.76998901 13.69999981 -1.60000002 190.19999695
329.94000244 39.10529327 44.82442856 478.01000977 12.60000038 -2.00000000 190.50000000
330.04998779 39.10494614 44.82349396 473.54998779 12.10000038 -2.20000005 190.60000610
330.16000366 39.10465240 44.82271957 469.42999268 11.50000000 -2.40000010 190.69999695
330.26000977 39.10435867 44.82194138 464.92999268 10.89999962 -2.70000005 190.80000305
330.39001465 39.10400391 44.82101059 458.98999023 10.19999981 -3.00000000 190.89999390
330.51998901 39.10358429 44.81992340 451.30999756 9.69999981 -3.40000010 191.00000000
330.67999268 39.10310745 44.81868362 441.51998901 9.10000038 -3.79999995 191.10000610
330.77999878 39.10280609 44.81790924 434.85000610 8.69999981 -4.09999990 191.19999695
330.88000488 39.10250092 44.81713867 427.73999023 8.30000019 -4.30000019 191.19999695
330.98001099 39.10219955 44.81636429 420.20001221 8.00000000 -4.59999990 191.30000305
331.08999634 39.10183334 44.81543732 410.60998535 7.59999990 -4.90000010 191.30000305
331.22000122 39.10146713 44.81451035 400.42999268 6.90000010 -5.30000019 191.39999390
331.33999634 39.10110092 44.81358719 389.72000122 6.40000010 -5.59999990 191.50000000
331.45999146 39.10073090 44.81266022 378.51000977 5.90000010 -5.80000019 191.60000610
331.57998657 39.10036087 44.81173706 366.86999512 5.50000000 -6.09999990 191.69999695
331.70001221 39.09999084 44.81081772 354.98999023 5.09999990 -6.30000019 191.39999390
331.79998779 39.09969330 44.81004333 345.38000488 4.30000019 -6.30000019 190.50000000
331.91000366 39.09941101 44.80926895 336.27999878 2.79999995 -6.09999990 189.39999390
332.01998901 39.09910583 44.80833435 326.05999756 0.00000000 -5.69999981 188.10000610
332.14999390 39.09882736 44.80739594 316.51998901 -3.90000010 -5.30000019 187.19999695
332.26998901 39.09854507 44.80645370 306.51998901 -7.69999981 -5.19999981 188.19999695
332.38000488 39.09823990 44.80551910 295.76998901 -10.39999962 -5.50000000 189.50000000
332.48001099 39.09796524 44.80474472 286.17999268 -12.00000000 -5.80000019 190.60000610
332.57998657 39.09767532 44.80397415 276.26998901 -13.19999981 -6.09999990 190.60000610
332.69000244 39.09738541 44.80319977 266.35000610 -14.50000000 -6.30000019 190.60000610
332.80999756 39.09703827 44.80227280 254.46000671 -14.69999981 -6.40000010 190.60000610
332.92999268 39.09663391 44.80119324 240.58000183 -12.69999981 -6.40000010 190.60000610
333.04998779 39.09634399 44.80042267 230.66999817 -8.69999981 -6.40000010 190.60000610
333.17001343 39.09600067 44.79949570 218.77999878 -3.09999990 -6.40000010 190.60000610
333.29000854 39.09565353 44.79857254 206.88999939 2.29999995 -6.40000010 190.60000610
333.41000366 39.09530640 44.79764557 195.00000000 5.90000010 -6.40000010 190.60000610
333.52999878 39.09495926 44.79671860 183.11000061 7.40000010 -6.40000010 190.60000610
333.63000488 39.09461212 44.79579544 171.22999573 8.19999981 -6.40000010 190.60000610
333.75000000 39.09426498 44.79486847 159.33999634 8.89999962 -6.40000010 190.60000610
333.88000488 39.09391785 44.79394531 147.46000671 8.60000038 -6.40000010 190.60000610
333.98001099 39.09362793 44.79317474 137.55999756 7.69999981 -6.40000010 190.60000610
334.10000610 39.09328461 44.79224777 125.68000031 5.59999990 -6.40000010 190.60000610
334.20999146 39.09299469 44.79147720 115.79000092 3.29999995 -6.40000010 190.60000610
334.30999756 39.09265137 44.79055786 104.00000000 1.50000000 -6.40000010 190.60000610
334.42001343 39.09236908 44.78980255 94.27999878 0.30000001 -6.40000010 190.60000610
334.54000854 39.09203339 44.78890228 82.72000122 0.00000000 -6.40000010 190.60000610
334.66000366 39.09170151 44.78801346 71.27999878 -0.10000000 -6.40000010 190.60000610
