230.22999573 38.97528076 44.75025940 282.19000244 0.00000000 0.00000000 14.19999981
230.35000610 38.97539520 44.75043488 285.92999268 0.00000000 0.00000000 14.39999962
230.46000671 38.97548676 44.75058365 289.10000610 0.00000000 0.00000000 14.60000038
230.57000732 38.97557831 44.75076294 292.92999268 0.00000000 10.10000038 17.00000000
230.71000671 38.97567749 44.75097275 297.41000366 0.00000000 10.19999981 22.20000076
230.82000732 38.97577286 44.75111771 299.58999634 0.00000000 8.89999962 26.70000076
230.94000244 38.97593307 44.75127411 300.61999512 0.00000000 5.09999990 32.29999924
231.03999329 38.97608185 44.75139999 300.70001221 0.00000000 2.20000005 36.90000153
231.16000366 38.97629929 44.75155640 300.52999878 0.00000000 0.20000000 41.50000000
231.27000427 38.97651672 44.75170517 301.07000732 0.00000000 0.40000001 41.00000000
231.38000488 38.97681046 44.75190353 302.10000610 0.00000000 1.39999998 41.20000076
231.50000000 38.97714233 44.75212860 303.30999756 0.00000000 1.79999995 41.40000153
231.61000061 38.97751236 44.75238037 304.67001343 0.00000000 1.89999998 41.59999847
231.72999573 38.97784805 44.75260925 306.13000488 0.00000000 2.09999990 41.40000153
231.83999634 38.97828293 44.75291443 308.26000977 0.00000000 2.40000010 41.20000076
231.94999695 38.97875595 44.75324249 310.52999878 0.00000000 2.50000000 41.29999924
232.05999756 38.97917938 44.75354004 312.67001343 0.00000000 2.50000000 41.20000076
232.17999268 38.97972107 44.75391769 315.29998779 0.00000000 2.50000000 41.20000076
232.27999878 38.98019791 44.75425339 317.42999268 90.00000000 2.40000010 41.20000076
232.38999939 38.98080826 44.75467682 319.86999512 81.69999695 2.20000005 41.20000076
232.50000000 38.98134613 44.75505447 321.79000854 58.50000000 2.00000000 41.20000076
232.61000061 38.98190689 44.75544739 323.58999634 34.90000153 1.79999995 41.20000076
232.74000549 38.98274231 44.75602722 325.89999390 13.69999981 1.50000000 41.20000076
232.85000610 38.98349762 44.75655746 327.64001465 3.70000005 1.29999995 41.20000076
232.96000671 38.98415375 44.75701523 328.91000366 -1.20000005 1.10000002 41.20000076
233.05999756 38.98484039 44.75749207 330.00000000 -2.90000010 1.00000000 41.20000076
233.16000366 38.98554993 44.75798798 330.91000366 -3.00000000 0.80000001 41.20000076
233.25999451 38.98628616 44.75850296 331.60000610 -2.09999990 0.60000002 41.20000076
233.36999512 38.98720551 44.75914383 332.22000122 -1.29999995 0.40000001 41.20000076
233.47000122 38.98798752 44.75968933 332.73999023 -0.69999999 0.40000001 41.20000076
233.61999512 38.98908615 44.76045990 333.47000122 -0.20000000 0.30000001 41.20000076
233.72000122 38.98987198 44.76100540 333.98999023 0.10000000 0.30000001 41.20000076
233.82000732 38.99065399 44.76155472 334.51000977 0.10000000 0.30000001 41.20000076
233.91999817 38.99143982 44.76210403 335.01998901 0.10000000 0.30000001 41.20000076
234.07000732 38.99269867 44.76298141 335.85000610 0.10000000 0.30000001 41.20000076
234.22000122 38.99379730 44.76374817 336.57998657 0.00000000 0.30000001 41.20000076
234.36999512 38.99489594 44.76451492 337.30999756 -0.20000000 0.30000001 41.20000076
234.50999451 38.99615097 44.76539230 338.14001465 -0.30000001 0.30000001 41.20000076
234.61999512 38.99693680 44.76594162 338.66000366 -0.20000000 0.30000001 41.20000076
234.74000549 38.99787903 44.76659775 339.27999878 -0.10000000 0.30000001 41.20000076
234.83999634 38.99866486 44.76714706 339.79998779 -0.10000000 0.30000001 41.20000076
234.94999695 38.99945068 44.76769638 340.32000732 -0.10000000 0.30000001 41.20000076
235.05999756 39.00038910 44.76835251 340.94000244 -0.20000000 0.30000001 41.20000076
235.16000366 39.00117493 44.76890182 341.45999146 -0.10000000 0.30000001 41.20000076
235.30999756 39.00227737 44.76966858 342.19000244 0.00000000 0.30000001 41.20000076
235.41999817 39.00321960 44.77032852 342.80999756 0.00000000 0.30000001 41.20000076
235.57000732 39.00431824 44.77109528 343.54000854 -0.10000000 0.30000001 41.20000076
235.67999268 39.00526047 44.77175522 344.16000366 -0.10000000 0.30000001 41.20000076
235.77999878 39.00604630 44.77230072 344.67999268 0.00000000 0.30000001 41.20000076
235.88000488 39.00682831 44.77285004 345.20001221 0.00000000 0.30000001 41.20000076
235.97999573 39.00761414 44.77339935 345.72000122 0.00000000 0.30000001 41.20000076
236.08999634 39.00840378 44.77394485 346.23999023 0.10000000 0.30000001 41.20000076
236.19000244 39.00918961 44.77449417 346.76000977 0.10000000 0.30000001 41.20000076
236.28999329 39.01013565 44.77515411 347.38000488 0.20000000 0.30000001 41.20000076
236.39999390 39.01092148 44.77569962 347.89999390 0.20000000 0.30000001 41.20000076
236.50000000 39.01171112 44.77624893 348.42001343 0.40000001 0.30000001 41.20000076
236.60000610 39.01249695 44.77679825 348.94000244 0.50000000 0.30000001 41.20000076
236.72999573 39.01344299 44.77745438 349.55999756 0.50000000 0.30000001 41.20000076
236.83000183 39.01422882 44.77800369 350.07998657 0.50000000 0.30000001 41.20000076
236.92999268 39.01501846 44.77854919 350.60000610 0.60000002 0.30000001 41.20000076
237.02999878 39.01596069 44.77920914 351.22000122 0.50000000 0.30000001 41.20000076
237.13000488 39.01675034 44.77975845 351.73999023 0.50000000 0.30000001 41.20000076
237.24000549 39.01753616 44.78030396 352.26000977 0.40000001 0.30000001 41.20000076
237.33999634 39.01832581 44.78085327 352.77999878 0.30000001 0.30000001 41.20000076
237.44000244 39.01911163 44.78140259 353.29998779 0.30000001 0.30000001 41.20000076
237.53999329 39.01989746 44.78195190 353.82000732 0.20000000 0.30000001 41.20000076
237.64999390 39.02068710 44.78249741 354.33999634 0.20000000 0.30000001 41.20000076
237.75999451 39.02163315 44.78315735 354.95999146 0.10000000 0.30000001 41.20000076
237.86999512 39.02241898 44.78370285 355.48001099 0.00000000 0.30000001 41.20000076
237.97000122 39.02320862 44.78425217 356.00000000 0.00000000 0.30000001 41.20000076
238.07000732 39.02415085 44.78490829 356.61999512 0.00000000 0.30000001 41.20000076
238.17999268 39.02493286 44.78545380 357.13000488 -0.10000000 0.30000001 41.20000076
238.28999329 39.02570343 44.78599167 357.64999390 -0.10000000 0.30000001 41.20000076
238.41000366 39.02677917 44.78673935 358.35000610 -0.10000000 0.30000001 41.20000076
238.52000427 39.02753830 44.78726959 358.85998535 -0.10000000 0.30000001 41.20000076
238.64999390 39.02859116 44.78800201 359.54998779 -0.20000000 0.30000001 41.20000076
238.77000427 39.02933884 44.78852463 360.04000854 -0.20000000 0.30000001 41.20000076
238.88000488 39.03022385 44.78914261 360.63000488 -0.20000000 0.30000001 41.20000076
239.00000000 39.03110504 44.78975296 361.20999146 -0.30000001 0.30000001 41.20000076
239.11000061 39.03182983 44.79026031 361.69000244 -0.30000001 0.30000001 41.20000076
239.22000122 39.03269196 44.79085922 362.26000977 -0.20000000 0.30000001 41.20000076
239.32000732 39.03340530 44.79135895 362.73001099 -0.10000000 0.30000001 41.20000076
239.46000671 39.03439713 44.79204559 363.38000488 -0.20000000 0.30000001 41.20000076
239.60000610 39.03537750 44.79272842 364.02999878 -0.10000000 0.30000001 41.20000076
239.69999695 39.03606796 44.79321289 364.48001099 -0.10000000 0.30000001 41.20000076
239.85000610 39.03716660 44.79397583 365.20999146 0.00000000 0.30000001 41.20000076
239.97000122 39.03784561 44.79444885 365.66000366 0.00000000 0.30000001 41.20000076
240.08999634 39.03878784 44.79510498 366.27999878 0.10000000 0.30000001 41.20000076
240.21000671 39.03958893 44.79566193 366.80999756 0.00000000 0.30000001 41.20000076
240.33000183 39.04038239 44.79621506 367.32998657 0.00000000 0.30000001 41.20000076
240.44999695 39.04116821 44.79676437 367.85000610 0.00000000 0.30000001 41.20000076
240.58000183 39.04194641 44.79730606 368.35998535 0.00000000 0.30000001 41.20000076
240.72999573 39.04284668 44.79793167 368.95999146 0.00000000 0.30000001 41.20000076
240.85000610 39.04361343 44.79846573 369.45999146 0.00000000 0.30000001 41.20000076
240.97000122 39.04449463 44.79907990 370.04000854 -0.10000000 0.30000001 41.20000076
241.08999634 39.04524612 44.79960251 370.54000854 -0.10000000 0.30000001 41.20000076
241.21000671 39.04598999 44.80012131 371.02999878 -0.10000000 0.30000001 41.20000076
241.33000183 39.04672623 44.80063248 371.51998901 0.00000000 0.30000001 41.20000076
241.46000671 39.04745865 44.80114365 372.00000000 0.00000000 0.30000001 41.20000076
241.58000183 39.04818344 44.80164719 372.48001099 0.00000000 0.30000001 41.20000076
241.71000671 39.04890060 44.80214691 372.95001221 0.00000000 0.30000001 41.20000076
241.83000183 39.04973221 44.80272675 373.50000000 0.00000000 0.30000001 41.20000076
241.96000671 39.05043793 44.80321503 373.95999146 0.00000000 0.30000001 41.20000076
242.08000183 39.05113602 44.80370331 374.42001343 0.10000000 0.30000001 41.20000076
242.19999695 39.05183029 44.80418777 374.88000488 0.10000000 0.30000001 41.20000076
242.33000183 39.05251694 44.80466461 375.33999634 0.00000000 0.30000001 41.20000076
242.44999695 39.05331421 44.80522156 375.85998535 0.00000000 0.30000001 41.20000076
242.58000183 39.05398941 44.80569077 376.30999756 0.00000000 0.30000001 41.20000076
242.72999573 39.05488205 44.80631256 376.89001465 0.00000000 0.30000001 41.20000076
242.86000061 39.05554581 44.80677414 377.32998657 0.00000000 0.30000001 41.20000076
242.97999573 39.05620193 44.80723190 377.76998901 0.00000000 0.30000001 41.20000076
243.13000488 39.05696487 44.80775833 378.26998901 0.00000000 0.30000001 41.20000076
243.25000000 39.05771637 44.80828476 378.76000977 -0.10000000 0.30000001 41.20000076
243.38000488 39.05835724 44.80873108 379.19000244 0.00000000 0.30000001 41.20000076
243.50999451 39.05899429 44.80917358 379.60998535 0.00000000 0.30000001 41.20000076
243.63000488 39.05972672 44.80968475 380.08999634 0.00000000 0.30000001 41.20000076
243.75999451 39.06035233 44.81011963 380.50000000 -0.10000000 0.30000001 41.20000076
243.88999939 39.06107330 44.81062317 380.98001099 -0.10000000 0.30000001 41.20000076
244.02000427 39.06168747 44.81105042 381.38000488 0.00000000 0.30000001 41.20000076
244.14999390 39.06240082 44.81154251 381.85000610 0.00000000 0.30000001 41.20000076
244.27999878 39.06300354 44.81196594 382.25000000 0.00000000 0.30000001 41.20000076
244.41000366 39.06370163 44.81245041 382.70999146 0.00000000 0.30000001 41.20000076
244.53999329 39.06429672 44.81286240 383.10000610 0.10000000 0.30000001 41.20000076
244.69000244 39.06508255 44.81341171 383.61999512 0.00000000 0.30000001 41.20000076
244.88999939 39.06595612 44.81401825 384.20001221 0.10000000 0.30000001 41.20000076
245.02000427 39.06663132 44.81448746 384.64001465 0.00000000 0.30000001 41.20000076
245.14999390 39.06729889 44.81495285 385.07998657 0.00000000 0.30000001 41.20000076
245.28999329 39.06786728 44.81534958 385.45999146 -0.10000000 0.30000001 41.20000076
245.41000366 39.06842804 44.81573868 385.82998657 0.00000000 0.30000001 41.20000076
245.53999329 39.06908417 44.81619263 386.26000977 -0.10000000 0.30000001 41.20000076
245.67999268 39.06972885 44.81664276 386.69000244 0.00000000 0.30000001 41.20000076
245.80999756 39.07028198 44.81702805 387.04998779 0.00000000 0.30000001 41.20000076
245.92999268 39.07091904 44.81747055 387.47000122 0.00000000 0.30000001 41.20000076
246.05000305 39.07136917 44.81778336 387.76998901 0.00000000 0.30000001 41.20000076
246.16999817 39.07199860 44.81822205 388.17999268 0.00000000 0.30000001 41.20000076
246.28999329 39.07244492 44.81853104 388.48001099 0.20000000 0.30000001 41.20000076
246.41000366 39.07297516 44.81890106 388.82998657 0.10000000 0.30000001 41.20000076
246.52999878 39.07350540 44.81926727 389.17001343 0.10000000 0.30000001 41.20000076
246.66999817 39.07420349 44.81975555 389.63000488 0.00000000 0.30000001 41.20000076
246.78999329 39.07472229 44.82011414 389.98001099 0.00000000 0.30000001 41.20000076
246.92999268 39.07523727 44.82047653 390.32000732 0.00000000 0.30000001 41.20000076
247.05999756 39.07583618 44.82089233 390.70999146 0.00000000 0.30000001 41.20000076
247.19999695 39.07642746 44.82130051 391.10000610 -0.10000000 0.30000001 41.20000076
247.33999634 39.07701492 44.82170868 391.48999023 -0.10000000 0.30000001 41.20000076
247.49000549 39.07759476 44.82211304 391.86999512 0.00000000 0.30000001 41.20000076
247.63999939 39.07825089 44.82257080 392.26000977 0.10000000 0.30000001 41.20000076
247.77999878 39.07881927 44.82296753 392.51998901 -0.10000000 0.30000001 41.20000076
247.91999817 39.07938385 44.82336044 392.69000244 -0.10000000 0.20000000 41.20000076
248.05999756 39.07994461 44.82374954 392.79000854 0.10000000 0.10000000 41.20000076
248.22000122 39.08057785 44.82418823 392.80999756 0.00000000 0.00000000 41.20000076
248.36000061 39.08112717 44.82456970 392.75000000 -0.10000000 0.00000000 41.20000076
248.50000000 39.08166885 44.82494736 392.63000488 -0.10000000 -0.10000000 41.20000076
248.66000366 39.08228683 44.82537842 392.42001343 0.00000000 -0.20000000 41.20000076
248.80000305 39.08282089 44.82574844 392.16000366 0.10000000 -0.20000000 41.20000076
248.92999268 39.08327484 44.82606506 391.89999390 0.10000000 -0.30000001 41.20000076
249.05999756 39.08380127 44.82643127 391.54998779 -0.10000000 -0.30000001 41.20000076
249.19000244 39.08424759 44.82674026 391.20001221 0.00000000 -0.40000001 41.20000076
249.32000732 39.08476257 44.82709885 390.75000000 0.00000000 -0.40000001 41.20000076
249.44999695 39.08520508 44.82740784 390.32998657 0.10000000 -0.50000000 41.20000076
249.58000183 39.08571243 44.82775879 389.79998779 0.00000000 -0.50000000 41.20000076
249.71000671 39.08621979 44.82810974 389.22000122 -0.10000000 -0.60000002 41.20000076
249.91000366 39.08686066 44.82855988 388.42001343 -0.10000000 -0.60000002 41.20000076
250.05000305 39.08742523 44.82894897 387.64999390 0.10000000 -0.69999999 41.20000076
250.25000000 39.08812714 44.82943726 386.61999512 0.00000000 -0.69999999 41.20000076
250.38999939 39.08861160 44.82977676 385.85000610 0.00000000 -0.80000001 41.20000076
250.52999878 39.08909607 44.83011246 385.02999878 0.00000000 -0.89999998 41.20000076
250.63999939 39.08943939 44.83034897 384.41000366 0.00000000 -0.89999998 41.20000076
250.80000305 39.08998108 44.83072662 383.36999512 0.00000000 -1.00000000 41.20000076
250.94000244 39.09045410 44.83105850 382.41000366 0.10000000 -1.00000000 41.20000076
251.22000122 39.09138870 44.83170700 380.33999634 0.00000000 -1.10000002 41.20000076
251.38000488 39.09191895 44.83207703 379.07000732 -0.10000000 -1.20000005 41.20000076
251.52000427 39.09238052 44.83239365 377.89999390 -0.10000000 -1.29999995 41.20000076
251.66000366 39.09283447 44.83271027 376.69000244 0.00000000 -1.29999995 41.20000076
251.80000305 39.09328842 44.83302689 375.42999268 -0.10000000 -1.39999998 41.20000076
251.94000244 39.09373856 44.83333969 374.13000488 -0.10000000 -1.50000000 41.20000076
252.08999634 39.09424973 44.83369446 372.57998657 -0.10000000 -1.50000000 41.20000076
252.28999329 39.09482193 44.83409119 370.77999878 0.00000000 -1.60000002 41.20000076
252.44000244 39.09532547 44.83444214 369.10998535 -0.10000000 -1.70000005 41.20000076
252.58000183 39.09576416 44.83474731 367.60998535 0.00000000 -1.70000005 41.20000076
252.75000000 39.09626007 44.83509445 365.83999634 -0.20000000 -1.79999995 41.20000076
252.88999939 39.09675598 44.83543777 364.01998901 -0.20000000 -1.89999998 41.20000076
253.03999329 39.09718704 44.83573914 362.39001465 -0.10000000 -1.89999998 41.20000076
253.17999268 39.09761429 44.83603668 360.72000122 0.00000000 -2.00000000 41.20000076
253.32000732 39.09803772 44.83633041 358.97000122 0.00000000 -2.09999990 41.20000076
253.47000122 39.09846115 44.83662415 357.10998535 -0.10000000 -2.20000005 41.20000076
253.61000061 39.09894180 44.83695984 354.85000610 -0.10000000 -2.40000010 41.20000076
253.75999451 39.09936142 44.83725357 352.76998901 0.20000000 -2.50000000 41.20000076
253.91000366 39.09977722 44.83753967 350.57998657 0.20000000 -2.70000005 41.20000076
254.05000305 39.10025024 44.83787155 347.95999146 0.00000000 -2.79999995 41.20000076
254.19999695 39.10066223 44.83815765 345.54998779 -0.10000000 -3.00000000 41.20000076
254.33999634 39.10107422 44.83843994 343.04998779 0.00000000 -3.09999990 41.20000076
254.49000549 39.10148239 44.83872604 340.45999146 0.10000000 -3.20000005 41.20000076
254.66000366 39.10200500 44.83908844 336.98999023 0.10000000 -3.40000010 41.20000076
254.80999756 39.10246658 44.83940887 333.77999878 0.00000000 -3.50000000 41.20000076
254.96000671 39.10286713 44.83968735 330.86999512 0.00000000 -3.70000005 41.20000076
255.11000061 39.10327148 44.83996582 327.88000488 0.20000000 -3.79999995 41.20000076
255.25999451 39.10372543 44.84028244 324.35000610 0.30000001 -4.00000000 41.20000076
255.39999390 39.10412216 44.84056091 321.17999268 0.10000000 -4.09999990 41.20000076
255.55999756 39.10457230 44.84087372 317.45001221 0.20000000 -4.19999981 41.20000076
255.72000122 39.10502243 44.84118271 313.61999512 0.10000000 -4.40000010 41.20000076
255.86999512 39.10546875 44.84149551 309.67999268 0.20000000 -4.50000000 41.20000076
256.01998901 39.10585785 44.84176636 306.14001465 0.10000000 -4.59999990 41.20000076
256.17999268 39.10630035 44.84207153 302.01000977 -0.10000000 -4.80000019 41.20000076
256.32998657 39.10668564 44.84234238 298.32000732 0.00000000 -4.90000010 41.20000076
256.48001099 39.10712433 44.84264755 294.01000977 0.00000000 -5.00000000 41.20000076
256.60998535 39.10750961 44.84291077 290.14999390 -0.10000000 -5.09999990 41.20000076
256.72000122 39.10778046 44.84310150 287.35998535 0.00000000 -5.19999981 41.20000076
256.86999512 39.10821533 44.84340286 282.80999756 0.00000000 -5.40000010 41.20000076
257.01998901 39.10859299 44.84366608 278.75000000 -0.10000000 -5.50000000 41.20000076
257.17999268 39.10902405 44.84396362 274.02999878 0.10000000 -5.59999990 41.20000076
257.32000732 39.10939789 44.84422684 269.82998657 -0.10000000 -5.69999981 41.20000076
257.47000122 39.10982513 44.84452438 264.94000244 -0.10000000 -5.90000010 41.20000076
257.61999512 39.11019897 44.84477997 260.58999634 -0.10000000 -6.00000000 41.20000076
257.82000732 39.11072922 44.84514999 254.25999451 -0.10000000 -6.09999990 41.20000076
257.95999146 39.11109924 44.84540558 249.75000000 -0.10000000 -6.30000019 41.20000076
258.10998535 39.11146545 44.84566116 245.16999817 -0.10000000 -6.40000010 41.20000076
258.26000977 39.11188507 44.84595490 239.86000061 -0.20000000 -6.50000000 41.20000076
258.41000366 39.11225128 44.84620667 235.14999390 -0.10000000 -6.59999990 41.20000076
258.57000732 39.11266327 44.84649658 229.69000244 0.00000000 -6.69999981 41.20000076
258.73999023 39.11313248 44.84681702 223.44999695 -0.10000000 -6.90000010 41.20000076
258.89999390 39.11354065 44.84710693 217.80999756 -0.10000000 -7.00000000 41.20000076
259.04998779 39.11395264 44.84738922 212.10000610 -0.10000000 -7.09999990 41.20000076
259.20999146 39.11431122 44.84764099 207.03999329 0.10000000 -7.19999981 41.20000076
259.35000610 39.11466599 44.84788513 201.91000366 0.00000000 -7.40000010 41.20000076
259.51000977 39.11507416 44.84816742 195.99000549 -0.10000000 -7.50000000 41.20000076
259.67001343 39.11547852 44.84844971 189.97999573 -0.10000000 -7.59999990 41.20000076
259.82000732 39.11587906 44.84873199 183.89999390 0.00000000 -7.69999981 41.20000076
259.98999023 39.11627960 44.84901047 177.75000000 0.00000000 -7.90000010 41.20000076
260.14001465 39.11668015 44.84928894 171.52000427 0.00000000 -8.00000000 41.20000076
260.29998779 39.11708069 44.84956360 165.22000122 -0.10000000 -8.10000038 41.20000076
260.45001221 39.11747742 44.84983826 158.85000610 -0.10000000 -8.19999981 41.20000076
260.60000610 39.11782074 44.85007858 153.21000671 0.00000000 -8.30000019 41.20000076
260.70001221 39.11806870 44.85025024 149.14999390 -0.10000000 -8.39999962 41.20000076
260.85998535 39.11846161 44.85052490 142.60000610 -0.10000000 -8.50000000 41.20000076
261.00000000 39.11880493 44.85076141 136.82000732 -0.10000000 -8.60000038 41.20000076
261.14999390 39.11919403 44.85103607 130.13000488 -0.20000000 -8.80000019 41.20000076
261.29000854 39.11953354 44.85127258 124.23000336 0.00000000 -8.89999962 41.20000076
261.42999268 39.11987305 44.85150909 118.27999878 -0.10000000 -9.00000000 41.20000076
261.57000732 39.12021255 44.85174179 112.26999664 -0.20000000 -9.10000038 41.20000076
261.70999146 39.12054825 44.85197830 106.20999908 0.00000000 -9.19999981 41.20000076
261.85000610 39.12088394 44.85221100 100.09999847 0.00000000 -9.30000019 41.20000076
261.98999023 39.12121964 44.85244370 93.94999695 0.00000000 -9.39999962 41.20000076
262.13000488 39.12150574 44.85264206 88.62999725 0.10000000 -9.50000000 41.20000076
262.26000977 39.12184143 44.85287476 82.37999725 -0.20000000 -9.60000038 41.20000076
262.41000366 39.12217331 44.85310745 76.08000183 -0.10000000 -9.69999981 41.20000076
262.54000854 39.12250137 44.85333633 69.73000336 0.10000000 -9.80000019 41.20000076
262.70001221 39.12287903 44.85359955 62.40999985 -0.20000000 -9.89999962 41.20000076
262.83999634 39.12321091 44.85382843 55.95999908 0.00000000 -10.00000000 41.20000076
262.98001099 39.12353897 44.85405731 49.45000076 0.00000000 -10.10000038 41.20000076
