197.00999451 39.34166718 45.04128265 1180.93994141 0.00000000 0.00000000 159.69999695
197.05999756 39.34171677 45.04119110 1180.53002930 0.00000000 0.00000000 159.69999695
197.19000244 39.34188080 45.04087448 1179.21997070 0.00000000 0.00000000 159.69999695
197.30999756 39.34201813 45.04060364 1178.21997070 0.00000000 -1.89999998 161.80000305
197.44000244 39.34215164 45.04032898 1177.35998535 0.00000000 -1.70000005 165.89999390
197.57000732 39.34228516 45.04000473 1175.78002930 0.00000000 -2.00000000 170.69999695
197.71000671 39.34234238 45.03967285 1171.61999512 0.00000000 -4.59999990 175.60000610
197.83000183 39.34235764 45.03938675 1167.10998535 0.00000000 -7.19999981 179.80000305
197.97000122 39.34233093 45.03903198 1160.52001953 0.00000000 -8.80000019 184.30000305
198.08999634 39.34227371 45.03870392 1153.58996582 0.00000000 -10.10000038 188.00000000
198.22000122 39.34217453 45.03835678 1145.51000977 0.00000000 -11.19999981 191.50000000
198.33999634 39.34204102 45.03799820 1136.30004883 0.00000000 -12.10000038 194.80000305
198.46000671 39.34186172 45.03762436 1126.04003906 0.00000000 -12.80000019 198.00000000
198.58000183 39.34164047 45.03723907 1114.83996582 0.00000000 -13.30000019 201.10000610
198.69000244 39.34137726 45.03683853 1102.90002441 0.00000000 -13.60000038 203.89999390
198.80999756 39.34106827 45.03643036 1090.66003418 0.00000000 -13.60000038 205.80000305
198.92999268 39.34073257 45.03600693 1078.56994629 0.00000000 -13.00000000 205.80000305
199.05000305 39.34037399 45.03556442 1066.18994141 90.00000000 -12.50000000 205.69999695
199.16999817 39.33999252 45.03510284 1053.82995605 90.00000000 -12.00000000 205.69999695
199.33999634 39.33946228 45.03445435 1036.67004395 90.00000000 -11.69999981 205.60000610
199.47999573 39.33897400 45.03385925 1020.75000000 90.00000000 -11.69999981 205.60000610
199.61000061 39.33846664 45.03323746 1003.86999512 90.00000000 -11.80000019 205.50000000
199.75999451 39.33793640 45.03258896 986.00000000 87.40000153 -12.00000000 205.39999390
199.89999390 39.33738708 45.03191376 967.16998291 64.90000153 -12.19999981 205.30000305
200.00000000 39.33698273 45.03141403 953.08001709 50.50000000 -12.30000019 205.30000305
200.11000061 39.33648300 45.03079605 935.51000977 36.79999924 -12.39999962 205.19999695
200.21000671 39.33605576 45.03026962 920.30999756 26.60000038 -12.50000000 205.19999695
200.32000732 39.33561707 45.02972412 904.55999756 17.29999924 -12.69999981 205.10000610
200.42999268 39.33508301 45.02905273 884.97998047 9.89999962 -12.80000019 205.10000610
200.53999329 39.33462143 45.02848053 868.09997559 4.50000000 -12.89999962 205.00000000
200.66999817 39.33396149 45.02765274 843.53002930 0.10000000 -13.00000000 204.89999390
200.80000305 39.33337784 45.02692413 821.69000244 -1.79999995 -13.10000038 204.89999390
200.91999817 39.33278275 45.02617645 799.23999023 -2.50000000 -13.19999981 204.89999390
201.02999878 39.33216858 45.02540970 776.19000244 -2.70000005 -13.19999981 204.89999390
201.14999390 39.33154297 45.02462006 752.53997803 -2.70000005 -13.19999981 204.89999390
201.25999451 39.33100891 45.02394867 732.39001465 -2.50000000 -13.19999981 204.89999390
201.36999512 39.33035278 45.02312851 707.75000000 -2.29999995 -13.19999981 204.89999390
201.47999573 39.32980728 45.02244568 687.16998291 -2.09999990 -13.19999981 204.89999390
201.60000610 39.32915115 45.02162170 662.48999023 -1.79999995 -13.19999981 204.89999390
201.72000122 39.32849503 45.02079773 637.80999756 -1.50000000 -13.19999981 204.89999390
201.83000183 39.32784271 45.01997757 613.14001465 -1.20000005 -13.19999981 204.89999390
201.94999695 39.32718658 45.01915741 588.46997070 -0.80000001 -13.19999981 204.89999390
202.05999756 39.32663727 45.01847076 567.91998291 -0.60000002 -13.19999981 204.89999390
202.16999817 39.32598495 45.01765060 543.27001953 -0.30000001 -13.19999981 204.89999390
202.27999878 39.32543945 45.01696777 522.72998047 -0.20000000 -13.19999981 204.89999390
202.39999390 39.32478714 45.01614380 498.08999634 -0.10000000 -13.19999981 204.89999390
202.50999451 39.32413483 45.01532364 473.45999146 0.00000000 -13.19999981 204.89999390
202.61000061 39.32358932 45.01464081 452.94000244 0.00000000 -13.19999981 204.89999390
202.74000549 39.32293701 45.01382065 428.32000732 0.00000000 -13.19999981 204.89999390
202.83999634 39.32239151 45.01313782 407.80999756 0.00000000 -13.19999981 204.89999390
202.99000549 39.32152176 45.01204300 375.00000000 -0.10000000 -13.19999981 204.89999390
203.08999634 39.32097626 45.01136017 354.50000000 -0.10000000 -13.19999981 204.89999390
203.19000244 39.32043457 45.01067734 334.01000977 -0.20000000 -13.19999981 204.89999390
203.32000732 39.31978226 45.00986099 309.42001343 -0.20000000 -13.19999981 204.89999390
203.42999268 39.31912994 45.00904083 284.85000610 -0.10000000 -13.19999981 204.89999390
203.53999329 39.31858444 45.00835800 264.36999512 -0.10000000 -13.19999981 204.89999390
203.66000366 39.31793213 45.00754166 239.80000305 0.00000000 -13.19999981 204.89999390
203.80000305 39.31716919 45.00658417 211.14999390 0.10000000 -13.19999981 204.89999390
203.91999817 39.31651688 45.00576782 186.60000610 0.20000000 -13.19999981 204.89999390
204.03999329 39.31586456 45.00495148 162.05000305 0.20000000 -13.19999981 204.89999390
204.16000366 39.31521606 45.00413513 137.50999451 0.20000000 -13.19999981 204.89999390
204.27999878 39.31456757 45.00331497 112.98000336 0.20000000 -13.19999981 204.89999390
204.38999939 39.31391907 45.00249863 88.45999908 0.10000000 -13.19999981 204.89999390
204.50999451 39.31326675 45.00168228 63.93999863 0.00000000 -13.19999981 204.89999390
